0
293
-666
-1418
1138
-1871
-2630
-1657
841
-1711
111
-581
2833
-1984
-2382
-1237
-1221
1427
820
-2019
-2139
-828
1630
-1253
-516
1715
143
-1541
-417
1476
-202
-1524
-746
2013
604
1432
1885
-115
1993
-2181
1480
-1217
979
1269
-1144
2030
-2240
2115
85
-526
911
1212
485
633
565
1964
-1318
1122
1453
289
-2053
1744
2013
-1342
2145
-598
-1697
-1404
-2008
2183
-906
-1440
95
785
1451
354
-534
-478
1104
-1715
2007
594
-1031
1368
-941
3089
2074
1513
-574
869
1533
-71
383
1358
-836
-721
1708
-2053
-1739
1392
-1239
1485
801
1591
-1313
1033
-207
-2395
1590
2248
1586
2306
244
-1145
1725
1678
-1780
-1578
1412
-1025
-2022
-1701
1335
-1922
1698
-1463
-1050
2000
-1829
-1856
-1659
1808
-1584
210
-665
2683
1195
1417
411
-2207
-1271
-1250
884
1049
-1785
-1780
-634
-472
-12
2067
-1928
1312
1576
704
-1758
-62
-1133
-572
-1326
2237
-1911
-970
-702
1441
1813
579
-1008
-2170
874
-1362
643
-1097
1945
-1873
779
-1237
-2502
-1587
89
1872
-1790
-1580
-1542
1608
526
1055
552
2140
-2286
643
850
1611
-1507
333
1312
244
-1927
1601
1673
-2235
2601
872
61
-2042
-954
-1097
-1545
390
1735
-543
1436
-1985
-959
-2029
-14
49
86
-1592
-1426
1942
-1714
-1322
1532
-2037
475
-1840
-754
-1111
-804
2628
625
-677
-743
-672
2943
1332
1838
1762
-1850
-1652
-1944
692
2320
-2155
594
-915
-1524
2248
1875
2364
912
752
1191
3234
1527
-2088
-395
-602
-1663
-793
1469
1023
-651
622
1201
-1539
-1237
1495
-1761
1913
-997
-1264
1809
2160
1685
-697
-724
-1126
293
-1369
1886
587
-1744
265
-725
-1529
1615
833
600
-2563
-1539
802
217
-757
-571
-279
-870
1229
-1621
123
-1200
-1368
-1587
348
-340
-1958
461
-2365
275
1760
-1879
-1651
170
-962
-1512
1381
-1059
261
362
-1752
-767
1442
1195
97
-1807
-404
1982
1560
785
-130
-1471
-2639
-948
1463
4027
2080
1074
2843
889
1538
1747
1393
1940
1375
-1656
-373
2309
2330
-1530
1560
1718
1941
-352
-1800
2305
1725
-1325
1151
-2345
80
1601
-1596
929
-1651
1782
-266
1748
10
-1542
60
2214
1489
-1496
2330
-1407
-1203
-1451
1392
-907
340
-1652
-1583
2119
-1657
1517
1453
-2133
-1362
257
-1073
-1919
-240
-2443
681
-857
1419
2615
-1321
1601
1130
293
-704
1799
1062
758
1464
1111
1124
1126
-1599
-2100
-1207
-864
-2078
-588
-1432
-1195
667
1686
-2176
1438
2098
-2247
2360
-2052
-2362
491
-1631
-2558
2095
-180
-1308
1759
-750
2080
-2037
1406
-2136
2353
-1701
682
-569
-1322
-649
471
183
1901
1136
1580
283
704
1977
-1547
-586
-612
-1315
-796
-1242
1912
1638
-1798
-1716
-2770
-898
-1531
2200
1238
260
-16
-780
-1250
1406
-1318
-584
-976
139
1403
907
-2542
1108
-1448
-1275
295
-2164
-282
1968
-263
1557
-1648
1773
21
836
-1744
-1404
-1728
-811
-2000
107
-1049
-1312
2478
1986
2607
-1322
1299
2360
-1697
1883
1945
832
-1968
-1700
-37
1505
-42
484
-1219
-30
1648
1518
888
-554
1981
-3128
1266
2363
-891
302
1670
-1832
258
2205
1425
304
171
2311
1034
2169
1062
1632
1710
2032
-952
1384
1211
-1993
639
-1631
-1219
-1740
469
-2295
1471
978
1410
-537
1363
-1323
-311
2064
-324
-1352
1771
-2581
138
1773
-1063
-1930
731
-1502
-2062
2118
1908
-1006
596
240
191
-953
-1522
-930
-251
1271
-414
1192
-2432
2198
-1264
-1023
-410
-1525
1951
-963
-519
464
-125
218
50
2011
-2091
-245
968
-681
2201
11
1654
-385
1927
770
379
-1611
-2084
938
897
-2238
-512
-1025
1026
-2666
-1270
633
-1370
-44
175
2545
2194
962
-1801
2462
-1419
307
722
-2505
1832
-1423
-2493
204
-425
2319
-2664
-2312
-1819
1427
-22
-1331
-393
-1488
393
44
-1529
1810
2340
-1328
-2308
2117
2322
-3160
-2007
1565
1862
628
76
-920
2346
1948
-2372
345
737
-1293
-1374
1612
1131
-2026
-448
-1914
-1054
-293
-1612
1857
-56
1430
1283
1794
437
-2390
1844
1598
-3363
750
-500
1748
-1094
-1656
567
1011
330
2204
-1721
1711
-1705
-1319
-1029
-1167
1825
-2618
-1204
-3533
-697
1281
1209
1883
-1356
1384
-421
1751
-2087
-1811
870
2548
338
1809
1070
1297
1996
1910
1732
4
1655
-968
-1557
-1935
-2369
-1536
-1611
-84
580
573
-361
230
605
-1096
1664
-1542
-547
-1692
1424
1306
2294
1460
-1957
1057
-2248
1006
-1042
1352
-1212
-151
-619
-235
1086
1279
1228
732
2067
-1648
46
43
2089
1137
593
80
2136
-246
628
553
2345
-305
2367
-1800
2525
326
-148
1674
-1420
-989
-1942
-1217
-735
-1478
-337
1027
-1691
927
1540
579
-1773
-1363
2169
456
-1031
130
-1395
1824
-869
-972
-608
-1643
1799
2
2167
1665
1694
-1218
1931
1399
-217
888
1881
-3072
111
1410
1888
-412
-1183
-395
319
-52
-903
78
1888
-1606
-1018
-1612
-1551
1534
695
-62
1793
-444
1385
-2241
1299
-844
1925
1912
1078
-1304
-111
-607
2035
1900
-1604
391
1790
1726
-1871
-1996
7
2233
-533
-2253
-1163
-1218
113
750
-1220
-1666
835
2374
-1870
1767
-1485
-3089
567
241
1487
2055
1388
-2459
391
157
514
1379
1832
711
-1644
198
1571
1574
1794
-544
1979
-1354
878
582
1530
-1386
1850
1699
1455
2236
973
209
2163
1749
1888
245
-1091
1874
1922
5
1132
1114
-371
-1817
77
1948
-928
-2029
-892
-1839
1463
1109
-1527
-111
-1701
711
-1362
1387
1132
1476
902
-608
2222
-1021
2034
1725
-906
1538
-2053
1457
1016
-1207
-1804
-1821
-722
1591
770
-1004
-198
-1999
-1577
-2169
-1259
-1703
-2571
1852
2417
-2543
-2247
-1832
587
-115
1695
-349
430
-561
1918
1669
-1585
-1652
-1474
-811
1285
-1041
-2903
2400
1407
-265
-1359
-1225
-1661
-353
-1724
482
-1001
-2571
569
-804
-2031
2091
-1
983
-16
348
1509
1172
1936
-1919
-1086
-2571
-2092
1707
-1987
2147
-84
808
1842
-1733
1343
-286
1624
790
-464
-1766
1933
308
1618
2078
198
-1461
2046
1677
-1598
1280
2025
335
2850
-796
2154
1608
1881
-1011
1983
-1485
-1304
-1108
-2125
-1522
-1735
-1834
-1207
-880
1271
-1178
-1621
-217
911
-1332
-2388
-1576
-678
-2033
-113
2526
1198
716
-2175
-666
235
-176
2050
-1789
1160
1855
-252
1548
-804
-396
-1357
-620
591
1421
-1491
-1378
1488
1908
1325
-1158
-1274
-1732
2196
-665
-2204
-148
-1590
2239
-1791
-1131
-2580
1325
-862
370
2101
2058
-850
-608
-1792
53
1454
-497
-1096
-139
-419
1138
-1645
827
2289
-989
865
-1898
-552
-3443
1694
-926
1855
2239
415
-1217
1946
614
-1105
171
1294
-658
-2561
825
-891
168
1372
1336
-1211
522
646
-1872
1013
1671
-1983
357
-1036
-2047
-500
1387
-1870
404
2013
234
877
663
2381
-1798
-785
-1783
1211
1929
1110
-424
-108
-1763
1608
-1737
-2284
-1049
1397
-214
-740
1719
-982
-321
1355
-548
-1644
-371
-846
573
894
-1104
1782
976
1024
-1487
-1955
28
-1717
1703
1680
-758
-2218
1189
1985
-2302
1024
-1631
1260
-1251
1666
341
-835
-1231
-265
1597
1267
-1891
-362
-2344
-2911
-1290
-1724
1181
-1511
-37
-1764
-1836
1290
-240
-704
1306
-1148
1067
-1365
390
1225
1505
-353
526
1463
1834
-226
-1332
284
386
-2234
2345
999
-2266
787
-417
-2203
-1910
-638
727
-1940
1601
-2601
1073
843
-1084
-1456
1719
1559
401
2193
-1671
-1941
-1369
35
-105
1459
-603
-2323
-2325
-875
2698
2160
80
503
-555
-1545
795
-2165
-2533
1819
-1217
837
1453
-1196
-830
-1685
966
148
1162
568
1914
1793
2231
975
-1465
2306
1705
-1478
1767
2100
-2535
992
1717
-1737
-2677
1447
-2391
-1159
579
2064
-1094
-545
-140
-1116
-1986
1067
-2513
1354
1685
486
1755
-1763
-540
-2131
-899
1355
-1620
-1520
2130
-241
1312
-1723
-705
1557
-1996
314
1120
-1180
-309
2935
1927
2526
978
-2497
-2082
2720
-413
-426
-1556
1408
253
1305
575
-2148
592
1852
1424
-1437
1851
2494
2078
2588
1937
-921
-2374
1587
-2064
1065
2289
-1435
-893
2587
687
195
-1423
-1319
65
509
-1469
-1827
1342
580
945
-2242
-2050
1960
-2638
1718
3060
391
-2415
1453
-1618
-968
2237
-1990
1916
-1263
1045
374
2233
861
1505
731
2207
650
311
1178
1109
1655
1713
-393
-1251
-52
669
1593
-1311
-1382
-2202
1762
-887
-2276
2023
347
-135
22
-8
-1360
1049
610
-468
1420
1057
-333
511
1669
783
595
-1020
-2018
-2100
1864
-1069
-1226
-3185
522
87
1723
2250
348
-2582
1210
444
-2218
-1946
-1693
-866
1000
-1442
1436
-269
-1313
2921
-126
-54
1461
-1157
1665
2205
1240
-2371
-548
144
1715
-568
875
-1443
227
1412
-1397
2056
-1250
628
-40
-330
-2236
2908
1571
1247
1424
3053
-1210
-1448
1750
-1703
-1188
997
1620
1418
-2677
1753
567
-1211
-1879
-2558
1547
2000
1156
-751
2135
2075
-1351
-1472
1989
-2111
471
2242
822
611
-2219
1628
-1717
1589
1211
-1690
665
-698
-1920
2819
-1204
-1055
1692
-789
1666
992
-1840
1572
-1389
2390
858
-2203
1079
1224
2117
1547
-1553
321
-935
2467
367
-1278
2515
1352
1525
-1705
-1161
-1476
-742
-1172
-2408
-1237
1191
-2289
579
-31
-1383
-1893
1999
-1799
0
-1807
-1861
-2006
-131
-614
-831
-1388
1649
-258
910
1963
-81
-1255
1572
-1266
375
1334
-2403
2221
-2002
-1183
-1878
1571
-1116
-305
-2341
854
-2101
-1125
-768
2246
1040
-1731
3238
14
-746
1060
-1942
-1528
-334
-1587
-62
-10
-887
-156
-254
1957
-1370
1868
1306
-1447
-1123
644
3064
990
1848
1883
1116
-410
2641
1726
901
-1746
-1530
-59
1150
-1124
-1775
-291
-282
1183
770
-926
2210
1798
2472
-1586
1520
1736
1731
1603
208
1974
-552
-1893
1149
1656
582
-1079
-1424
1783
-1181
-1267
-1223
1074
-1264
1608
1344
152
-2062
457
2156
-818
515
-744
-1767
-593
-1922
1988
-1528
1532
-1229
955
2935
-1291
-295
-2542
-1408
-1204
1215
2244
1252
1874
-1354
-1800
2198
-1385
846
2049
1686
1406
-1770
1798
1932
-241
-2646
-1394
-380
-1642
-1654
-2102
1866
-607
186
-1710
1781
-1928
2100
-1603
-108
-180
1419
1880
-779
1168
-2398
1381
1103
-1436
1765
-1957
-378
1143
1311
1840
-1897
-1463
516
1256
1379
-702
1666
-864
2045
486
-1631
-800
1475
-1586
-1101
2080
1084
1915
-162
1287
1736
215
906
-1186
-1400
1346
-217
1748
1848
-2582
617
-2291
2349
-1949
1773
2250
1399
398
169
-1659
-239
-2664
311
1461
-491
-2229
-2185
-1171
871
-2119
727
1848
1404
34
1201
1842
99
80
-1069
-567
-372
-282
-135
-1598
-1734
-1987
978
1355
-172
-1188
1773
-1055
-2812
1774
391
491
-2033
-1959
-421
-235
1079
-855
-788
1840
515
1574
1670
-1538
991
-2081
-1477
702
2982
1634
529
-1889
-1631
-1934
-2052
-1645
-1949
-862
-1739
-352
-342
-1394
-451
2777
-1679
-629
452
-486
1994
-1891
-2576
1863
2292
-1404
-1828
-1510
1192
42
3096
-1919
-1767
1159
1872
-1257
4095
-495
-2656
1421
2128
-624
1260
2943
982
2288
-1539
-943
2505
-1993
-3160
-1692
-265
-446
-1312
993
962
795
1646
-2205
124
2007
3060
-2138
-1591
-1498
1375
-984
1702
522
-2030
2028
-1855
1557
-1003
-1061
2680
-894
1558
-1843
659
-1414
1026
-1609
-1647
1225
1827
667
992
-1692
1545
1279
192
-266
-171
-2121
776
-1454
-1554
-1654
-1543
1982
826
1364
1599
1850
-777
1391
2176
1024
1272
213
1053
-1334
-1984
18
1472
-2383
333
-530
1467
-1256
1734
-1767
1363
-1495
-342
-1300
1654
494
575
-1667
2075
-712
1256
24
126
-1596
1207
1092
-657
-1271
890
-2158
-1839
-1937
-1814
-1201
2357
1958
-1477
2272
-574
-1484
2166
-811
-471
962
-590
-1588
-1429
1411
1601
-1969
-1530
-1268
1617
1388
-2012
-1398
-1017
273
-1714
1741
2080
826
-2620
-1914
-2049
-1661
-2031
694
-965
-713
999
-170
-1451
-1116
1687
-1498
-1500
2783
-1870
-2191
-92
-114
1513
-779
1549
-504
-2087
359
-2637
427
-1985
42
2412
1004
-63
982
-1611
1392
-846
-124
-891
2545
524
566
1685
-724
-1526
421
1371
1323
-1816
-1429
493
1316
2041
1341
-598
2419
441
-710
-543
-1876
1342
1615
2494
-844
1471
198
1822
-484
-1955
-1995
1464
1566
-1671
300
-2056
-2024
-3100
-2031
-1530
-519
-409
-1644
-867
-3254
1040
-384
751
-533
-815
34
-1627
-1695
-249
-2574
1000
1075
-63
1771
1675
1661
2046
198
-1553
1612
-527
-1999
-2259
826
1257
80
-3181
855
1631
1635
-830
1223
-992
-1204
-1010
-115
-156
-1463
1796
-1307
1062
1775
-2178
-506
1638
1578
1844
2274
-577
2045
1294
-1639
-1521
-1929
2138
-1541
1158
980
-1221
-1969
-828
139
-217
-1738
-863
-167
-1994
-1715
2187
-424
-2421
-1296
-596
1515
716
379
-382
-1321
1864
-216
-1130
1503
1937
-242
1882
1731
-437
-1490
263
-1760
1900
2844
545
-425
-543
-158
2023
-1729
-1792
-352
-2097
-1653
1847
-1406
-798
944
-1635
-1171
2058
-1878
796
-2339
-1758
858
-2267
1533
116
614
-772
1346
2035
-1621
-2432
1761
975
-1779
-1268
-1089
1769
270
-1420
893
292
1737
2370
-41
-833
1232
-1539
-2042
-1336
518
335
1687
-1802
1238
1028
215
-1955
-1328
-2548
2714
-2134
1147
-1307
-1811
1332
844
1598
891
-1681
829
-1687
-2827
-2094
-834
889
-1575
1188
-934
-181
-657
-2024
519
-830
-262
2898
1536
2310
-673
2405
-2079
-93
-1261
-1506
-2279
314
-914
625
1614
-824
1450
1740
1827
3079
625
-1761
708
-1061
145
-2006
-1970
-1368
2203
1524
2065
688
-812
471
1458
-738
-1734
-1041
-1044
1283
955
-1961
-1849
-1099
1173
610
-1689
-132
1157
1984
-372
-1629
67
370
1748
-1140
-1981
-17
-1738
2179
1268
992
2335
-1689
-1981
1926
-2360
-1614
2175
-2245
1937
-1691
-2158
-2106
-69
-88
-1870
-1725
1109
-864
1750
-2115
-381
-2047
-1584
665
869
-346
-1225
326
-1553
1801
1480
1454
-655
287
1094
-1765
2029
1714
1951
641
-1620
-168
-1993
1067
-1090
-1060
1079
1842
902
1143
1856
441
-1856
-1003
-607
603
1193
2580
1261
-1058
2278
473
2101
-2200
2087
1665
95
2191
1494
1124
-534
1842
728
2117
1538
225
-2064
2103
1761
2080
1599
2168
-1652
200
142
660
-1555
-1294
1745
34
-142
703
383
818
2161
1827
-1923
976
-1168
2007
308
-2183
1113
454
854
-2125
-1980
1253
1460
-89
1523
1498
620
1143
-2751
350
1794
644
-8
983
1126
827
-397
1797
-1331
-492
-2137
-354
1264
1426
582
403
391
1024
-54
502
-171
77
1664
58
-1613
573
-2361
2088
1850
-1594
-1283
-1603
60
-1413
-1500
2288
405
1325
-1043
1888
43
941
-758
2410
2545
-2825
-1267
-1301
550
-1983
-418
218
1454
-1938
-2366
-1839
-1617
-468
1679
487
2140
1216
-1252
-1994
-2
2587
-2000
1060
1879
-1792
2205
-1655
-131
-601
-302
1645
-2270
-644
-986
-270
1480
212
-1602
1793
-1343
722
508
1609
264
-2050
857
-1034
1879
-793
574
2
-1708
-1753
422
-18
-261
-2041
-1913
221
908
-1633
2159
-3388
-2688
-275
1848
-1363
-2213
-2247
2001
-529
-148
1295
-225
447
-2095
2836
-179
-1656
2030
2385
-1987
-134
604
305
-1502
-1215
-1997
-1745
-185
-2351
1890
1470
-26
-2226
-1523
1936
-1141
-352
1035
-1739
74
1966
-2255
501
2182
612
1548
53
569
-1671
1765
-575
-1879
757
3344
1153
2610
606
-1787
-109
1245
-1395
1120
-922
945
-567
393
2650
-1141
-1767
-1764
2448
748
51
645
-793
-2130
318
-2091
85
1797
-513
-450
-482
-314
535
-2708
2011
1433
1430
615
-1646
22
-1504
1722
1839
1527
1340
-2750
-504
1741
-1275
-1234
-2124
1793
-580
362
-1851
-293
1962
-2101
-2454
-826
1036
330
607
2515
1860
-305
-1380
-669
2097
1393
-2060
1809
-1580
2234
-1851
2306
-957
1520
2026
2111
1791
-663
165
-1011
-1244
-2119
785
1082
1397
1828
698
-16
-1071
-1612
-1575
-688
891
-389
1339
517
-1497
2167
-417
491
-1395
2237
1403
-1673
2390
1863
527
-2050
-1584
702
-1181
-576
61
-1077
1441
-1730
-3
-579
1692
1013
1358
630
1013
-795
-1608
2255
-3323
890
-934
-1981
216
-1173
888
-1339
-1713
-1104
-1258
-2536
1033
350
1642
-231
1201
-1443
-2123
1547
452
382
-150
-941
2099
1392
464
1604
-730
1782
-3292
-705
2348
1388
-1924
-2445
1733
2067
-1230
-2239
-360
-1483
1816
10
1684
-1754
2617
407
-1592
-142
-1630
964
1260
1211
-482
1234
1939
1486
491
-1685
-1108
1330
-1141
2239
-1981
-1565
-782
-405
1534
-2151
220
-111
2082
-388
1737
-1768
47
1912
1849
2028
2024
-354
-399
-1467
1970
1742
1183
2005
-410
-1224
142
722
803
1720
1893
2042
-616
-2211
2857
617
2187
-1053
748
-1309
1844
-204
320
-1891
-617
-1636
-562
362
-2107
-2262
341
1365
1712
-120
1704
-31
-1152
-1155
-1710
858
-2029
2007
-1189
530
386
-2911
-1205
830
-1656
454
-1931
116
488
783
910
2414
-1566
-504
-152
1690
1242
-874
-1381
-1053
-1650
-1647
928
-1960
1182
-1049
-1738
1654
1384
481
-81
-1261
-1133
2181
1981
-381
1159
1509
-2084
2013
-1784
-1130
319
-800
-1996
1031
-1327
1009
-1739
-1926
-1893
-1036
1573
1754
-543
-322
2111
-1963
-1961
-571
2087
1015
2286
1609
186
2247
252
1460
-1993
-2228
1876
880
647
-1134
-262
-2158
236
522
-804
-1066
-1499
-520
-1830
-1838
-383
-1004
-1803
225
-3670
1803
2246
-397
-2048
1695
-128
-548
303
-1406
1317
1443
-1865
-1923
-30
2178
-2025
306
-179
2833
822
1439
-2357
-318
-1189
1957
1280
-1289
-625
-1802
-1548
654
-1036
-679
1063
-985
-855
1599
-1280
735
-1472
-444
1354
-1822
1216
1851
-341
1548
-887
357
-1408
-2048
193
-1065
-2201
1920
-1556
-628
-1946
-167
-1849
-2049
-583
-737
2384
-307
-1154
314
-286
624
1732
-957
2685
924
-2423
628
497
2146
-1091
2054
-1528
1683
1051
256
386
-694
-1166
997
2502
1936
-822
-1314
-1253
870
-1666
-2086
1532
482
1858
1010
1481
1721
-848
-2639
1782
-1565
-725
1737
-1043
-979
1677
1764
1859
-359
390
-1210
-121
1724
-81
-374
106
290
87
869
569
-2187
1016
-431
-2432
-869
1195
-1584
-1867
-554
1933
-1993
-1730
-297
615
-65
-1744
1201
2760
1998
-776
-1782
1478
-858
-2692
-1253
1252
-2039
1583
-259
1990
-2167
1503
-1220
1877
281
442
-156
752
617
1055
1189
-1781
-2042
-1523
1940
909
-1301
-62
1500
441
-1016
-1341
-1619
1979
1013
-953
-827
14
93
885
2192
-201
-523
-1882
2720
-1900
-1849
885
1996
935
1375
-1642
-2029
-1296
-819
-1507
49
-2343
-1362
-1908
-1961
1365
27
2916
-543
-2135
818
-1355
-2674
1125
1390
2390
324
893
-258
209
-990
-885
-1054
471
-1632
2024
-1116
-1391
-2063
-2147
-1657
1790
-1536
962
540
154
-2488
2054
-1862
1901
1920
-455
-1850
1994
857
-1211
-1107
-1585
-1072
1902
1874
-168
1368
1312
2893
1665
-34
-1636
2190
1619
-700
-953
-2070
-920
1818
-1500
-1933
-29
-1118
1526
1955
958
1548
1640
1359
598
1095
-1558
2141
2304
1329
-1245
961
-102
1885
2176
1672
1389
-1293
-2047
-1335
1144
-962
2028
-1215
1712
1133
2124
2158
-156
2199
-305
2163
2462
1802
2176
1401
-266
1819
-839
-2394
-2072
-1834
-1333
-2337
1726
-169
-713
-1960
-676
1331
-1656
-1777
1343
-1928
503
2361
2141
1907
-1481
830
-2584
1643
1318
-143
-1871
1896
-1694
-2065
1193
-12
-903
1664
-1084
-1079
1825
-1559
1484
-2074
455
-1644
-721
709
143
2395
-369
258
-1141
1425
908
-443
2051
1833
-1325
1987
1448
-404
1959
1867
1066
-1436
-1523
1009
-787
396
2200
157
1461
1037
-1129
1179
-552
583
-110
2208
1565
1428
-258
-2174
1431
1731
-262
1319
-2658
1716
262
28
-1599
423
931
809
2574
-581
-1536
235
497
934
2384
1211
-1464
85
1275
-1590
-571
1694
-1193
-2847
-2436
1731
1200
853
2074
1006
458
1470
-2023
-367
-1475
-1601
-1600
-1367
-493
1313
1528
614
-1041
-538
-2234
-333
215
-2151
-1997
-961
-1418
-1112
-1526
885
-953
948
-1638
1297
-1901
-1887
-2102
2030
302
26
1492
2291
1438
2313
1800
421
-2372
-79
-1665
635
-1860
921
-1415
-1650
-1441
214
-1533
-261
-1331
-544
1242
2084
-1539
-173
-879
-1639
-1592
-2425
1721
-1206
3889
1902
-1570
1573
-2306
1842
1073
787
-1278
-1867
-1851
1358
-1809
174
1497
693
986
2241
2109
-901
-1206
-1364
587
735
-2112
-1242
1983
225
286
-574
-1442
-554
-1897
-2230
866
1614
1693
35
7
-1596
1138
-475
-1204
1915
1662
420
1864
1957
-1342
34
1935
2525
506
-1777
-1251
-3017
-898
336
919
213
1690
-1071
691
2263
-130
-1276
1341
9
1268
-1061
1485
-1595
-1502
-1010
1871
-1620
-1954
-602
-111
2264
-1527
998
-1360
1597
1559
-293
1519
-1671
2174
-344
-1206
2185
-1138
269
1023
-1991
1974
-219
-504
-1061
2050
2053
2045
2024
-909
813
-1482
1073
-2230
-915
-1573
-1856
307
-1680
-1103
-2212
1539
453
1566
-766
1936
-1040
-869
-1233
-313
464
1227
-1220
1574
1038
870
2229
-1632
1132
133
225
-1849
215
-1729
-1053
-2943
1885
130
-1885
-1059
-1676
-121
511
106
-948
389
-448
-1673
-1198
-542
238
-1682
144
1535
-526
-2527
-2091
951
-1801
1987
1827
-315
1190
942
-725
273
1403
1516
-2053
2041
2011
-412
-772
136
-989
-190
-617
1754
-2210
1347
-14
-516
-1537
69
57
-208
3056
-2247
-1498
681
1074
-730
-282
471
1888
-623
-2675
2124
1279
-519
-1715
-2245
-1428
-3770
-1397
-1041
2645
-1736
1617
-203
2660
-434
51
691
1439
-988
9
-461
-94
-406
1903
392
-732
1199
826
-424
1394
2222
-669
755
-2527
-1766
-1379
-1378
-988
-661
-227
-1777
-2276
-141
-201
43
-2266
2680
846
-2938
2164
548
2280
-406
-832
2172
-1672
-497
-143
886
-1708
-1747
1272
1894
1007
1942
864
-2177
-89
-2366
2193
-1375
-1060
-448
-1548
-494
1516
2139
-449
-1901
-1637
-966
-107
1827
1388
1686
-484
-1253
-1205
-1771
1327
-1968
-631
995
1820
1937
1453
1401
1537
-785
1885
-2909
670
-2169
1721
1476
-1084
-543
-1914
864
683
1641
305
-1562
-2266
1752
1168
-922
-1709
-2049
-1261
1155
-316
-1685
-1417
-3677
-1268
270
80
383
-1309
-1724
-1846
-772
-1856
822
43
-1921
2385
-1709
-1999
966
1642
-907
113
-1658
1481
-387
1637
-1440
1748
403
-1817
396
902
-1684
922
1852
-2094
-1804
-1084
-1801
1779
-2101
515
-2351
1784
603
1740
1882
-1433
487
-2281
383
2453
-1200
1781
-269
26
-1418
-1276
1910
687
1818
-1875
-2101
241
-1851
-793
-737
2157
2004
386
-1018
1192
-1196
-1497
-573
1834
-1803
2123
-1690
-753
-2636
1246
-2750
3639
-1650
-1586
-1659
-2298
-1063
-375
391
2013
1844
1850
-74
-544
1947
-618
1260
-2062
697
-999
-1767
-2796
-1414
696
1747
-2269
-255
1428
1550
299
-504
1530
2014
-1451
-1009
-2243
1232
1024
1277
-2277
-804
-1316
1509
548
-714
-1683
-579
607
442
1606
1406
223
741
1450
-1332
-2281
1600
-1259
647
-2059
-1103
3226
1785
1783
1255
-443
1744
-590
-2202
-772
1951
-1427
1498
1376
1281
-1597
-700
-2146
-1679
511
-1635
1240
-1735
-1021
-2498
1438
-2170
158
1714
456
-1609
-280
-1127
2288
902
-847
-1801
-1817
-2773
1575
-3129
-2025
-1363
877
-787
1986
1624
-435
-250
1785
1324
482
-639
-1584
-1710
-1660
-1611
-965
-2070
-630
413
-675
-879
-1747
1476
482
1640
-1162
-2090
2051
-924
-859
2414
2174
2253
-1110
1232
-1439
-448
-553
-1838
-2625
1800
1826
1123
-1314
-1674
982
2223
-594
-2060
1948
579
1857
-2316
-2459
865
-1978
1324
1183
-414
-1395
1151
-2566
1387
-289
1168
-409
-1995
-1229
-2112
-1614
1417
-1933
1658
949
-1389
1363
-2130
642
-1205
-1552
-880
593
-1996
-1090
321
-140
497
1090
668
235
1528
77
848
-1300
1928
203
700
210
602
2179
1890
324
1759
-14
1709
-828
-1746
1593
-1939
2064
-808
-1448
1749
-1153
-807
-1410
-952
1807
-1111
1744
-1784
1840
-523
-272
1593
-535
936
250
-512
1398
2118
-1914
-1757
-1253
1967
-2671
1084
433
500
454
1669
1454
-331
709
-1566
57
-1282
-2165
2160
1665
-2075
1926
1800
-1657
-1027
1397
1855
-43
1451
-1881
-1497
1822
-168
2054
-2548
-2022
-1816
-133
1920
1650
1212
1579
-1429
-1450
-1569
-1430
-1647
2207
1607
-2174
-596
-942
-1955
887
422
1943
1052
-255
164
1678
-2033
-1070
-1676
-1425
-55
940
1721
804
-2126
-1750
-1739
-2050
-1071
2078
-919
-949
1530
910
-2161
770
1128
-1105
-455
2617
806
-1564
-631
-2220
-1645
97
52
2532
1126
1040
-1586
926
2176
-611
1451
-1012
1911
1678
-571
-415
-309
-1038
810
1862
-1970
-385
-1461
817
-547
-1618
1189
939
-992
-1815
277
-410
-1244
2192
-1099
9
-1321
1385
-893
1186
1975
-2607
-742
-1
730
-1457
-1819
859
2142
1673
330
1925
-1708
154
43
3327
1452
-1249
1727
-1783
2234
-1472
1603
-413
-384
-1322
-1220
1547
2029
-2037
429
-1588
-242
-34
2813
-2508
-183
-1014
1277
-18
-1339
698
-1694
1938
-1279
-1414
1243
-291
-2144
560
-1314
-1777
-1305
157
-1944
1527
1472
-1793
-283
1793
1740
735
-1938
-38
1635
1475
1882
-782
-1241
-1502
-631
2189
-1735
-1161
-1836
-453
-657
-704
-1080
-1444
-67
-313
-114
-380
1469
1188
-1592
-1391
-793
-383
-3263
-1826
1041
1902
-2393
1743
-1723
1171
-844
-655
1172
1106
-1736
2176
-1922
-230
-1596
-1685
1318
1267
978
964
-1250
-141
-1493
2545
1207
1358
1537
2732
-1804
1060
-3476
115
385
131
1172
2126
2173
-309
1358
-1071
-1138
1335
116
1454
2048
2177
-941
1714
1515
-288
-1137
-1012
2463
-1370
2113
-107
1490
2098
270
1093
-1407
1909
-1776
666
-493
-1553
1979
-1315
2342
-1014
67
-820
538
-2095
835
1416
-929
-1293
-629
-1652
1337
1859
-1365
1288
-2288
3019
-1676
354
-1800
-1359
1685
643
-1223
-1932
87
-2185
123
-997
2184
1416
-1704
-743
-176
636
1562
2537
-103
1838
1669
1040
326
300
1611
320
1521
1770
65
-1062
-114
-2289
-45
1485
877
-1275
-772
2176
-1152
1515
2010
589
261
1642
-1942
-1710
-1642
-1855
1812
1969
-826
-1227
-1584
1374
-1188
-388
270
-1292
1953
1281
-2180
681
-1635
2132
189
1202
-1779
1139
-1811
-1556
1211
945
-1383
-1593
1189
112
-1201
1684
1456
-749
2650
603
1436
1315
-1923
1694
1793
827
-2333
-1196
2056
718
1101
-3046
1842
-1267
-1224
984
515
2067
914
1825
359
1927
-71
644
116
-2869
-157
-1795
-1923
-1289
-1954
-538
-467
1435
504
292
978
402
-1602
1146
1771
-1021
1109
-2750
-1647
-1888
-1010
2294
3143
1753
-945
-1270
-1036
-1892
1331
-206
2044
-1740
-2310
1189
1618
630
-1819
1323
622
138
-995
1324
1010
-540
1084
-349
1407
2154
1278
-1183
497
-1242
913
-1391
-2332
-1538
1702
2343
-1294
1222
-1381
-2289
-1803
1506
-1306
-1928
2244
1631
-2178
-1001
-2214
-1818
1559
1324
-349
1641
1347
1665
1144
-504
-1844
890
-1251
-1897
2583
-53
2084
1734
2196
-1356
-1610
841
1806
-927
-608
-903
1605
-2117
1661
1355
1039
2020
2347
752
1818
-1521
1171
1541
-463
-360
-1842
-661
1879
-1916
-418
2400
908
-95
-984
1112
1264
-1178
-161
630
-1923
-2158
-1843
864
-2090
-987
-1566
1569
-1489
-2016
-1745
-1787
898
1388
-1419
-1033
-1838
16
-2180
2344
-1318
-879
-492
484
-323
-655
-1077
1771
-528
-1783
1530
1052
174
945
2530
2071
1499
1013
1605
-2237
2205
-942
1694
1626
332
-1644
1173
1461
-980
2095
-713
504
1830
1492
281
-1175
-111
1345
-1104
-1899
26
1717
1600
-1963
442
-1569
-1304
698
1624
405
1910
1476
1781
-1575
-4
928
-713
-1430
-648
2143
1717
-1676
-990
1676
519
555
35
180
-1765
-17
2239
-786
1718
1321
-2423
53
-1877
2108
-1549
-1037
2171
-2624
-2377
2156
2181
-1870
3075
2009
-1624
1181
-1764
-1658
-621
1444
-1066
2284
1082
975
-2536
1229
-143
-2024
2484
1421
-381
27
-2111
350
-2503
542
1188
-671
-577
213
-1598
1565
356
715
-671
-348
1055
2021
-1644
-2194
1828
1464
1327
-2079
-1743
246
1845
-1270
1846
1257
940
-1292
-2867
-976
514
1355
1753
1954
-1270
980
-968
514
1852
-13
-1149
1982
605
-1745
-2343
-1114
-1129
1646
-491
1028
-1395
67
1035
-185
-1663
696
1306
2115
-74
-1685
-1105
2
2179
1525
-494
1523
-1565
2440
-1300
1651
639
319
1358
-2126
2321
-612
2191
-2069
-534
-2505
-2308
-1539
-410
2143
-851
-1877
-754
1444
-989
-1305
-699
2117
-794
-2303
330
1608
-711
2271
1055
1357
1720
-1168
1688
1858
-215
-1450
-1973
1041
65
267
-190
-2300
1170
-2157
-772
1734
1288
-1672
159
-1241
-2171
1067
-2527
-1302
1081
535
-815
-1866
1651
1428
-1533
360
-954
-2050
-1916
-1494
2138
-306
-168
-393
-2101
75
1619
-668
1764
-2220
952
1267
604
-726
-1353
-1402
2
-1364
2049
-1851
309
-1694
5
2427
1295
1705
-2304
-2090
1172
2303
-2240
-1674
-1252
-1586
1442
-613
2058
-1071
1613
-120
888
2317
1179
-617
1122
222
-1788
-2020
-730
1900
-1969
1272
-1980
1797
837
-1830
-491
1765
2119
-186
696
-1671
-1962
2021
-1820
1714
1188
-1379
663
1712
3054
-1543
1480
-1032
-1381
2157
1710
1793
497
2421
1630
-1508
-365
447
-2119
612
-1659
-250
2038
-802
1734
2081
-2212
633
1211
-1939
-943
241
2186
-12
-176
1381
-1526
1039
572
-1364
617
229
-2229
-783
1590
911
2249
-2744
1928
749
1044
280
-1243
-2078
-874
1492
-1357
2338
2627
-1165
1338
1610
1921
-1477
-1228
1932
1173
-1013
640
-1678
-454
1238
2101
2002
-610
142
-230
-1593
-29
-610
-942
475
2081
2250
-2535
924
-2034
-1961
1915
-1133
1644
-276
-1827
-433
-796
1701
-2183
962
-471
-1794
-1928
-407
2011
1925
-1714
-2205
-2346
-1800
-1355
1327
2180
1275
-96
-1086
-2053
2143
70
612
-929
386
-1047
-327
-1806
2013
-2069
40
940
2292
-1207
1939
25
894
148
-20
2113
1152
772
454
1791
-705
2168
1970
-2504
-332
-1484
453
430
-1865
1713
-1819
610
857
-1183
517
908
-2277
-1788
747
131
-978
-1126
-1047
1756
1809
-1964
-836
1087
2201
-1751
850
-874
429
-997
-972
2378
1443
1986
804
-1880
-1896
210
-1816
1902
1877
818
-70
-1677
543
1673
-1587
-1720
793
1361
2441
-935
-1954
-1952
-535
1166
-868
-178
1956
-1564
1903
-1823
1346
2294
1590
1828
103
-1145
-1739
1300
645
2387
1301
-890
-1634
-1141
-1743
398
472
854
-1420
-59
1086
998
2934
-312
-1171
-116
-1836
235
-1562
1338
1343
1953
-1347
-2212
1028
-2003
1637
-1638
-1364
-1218
1670
-470
2576
287
-922
3234
1764
-948
-885
2874
850
-836
-1717
1895
2655
1292
947
-1788
64
697
2018
1478
1458
44
833
-1955
-1537
-1807
-53
-1613
2148
669
-410
1210
-1783
-200
-1133
167
-2062
1543
-988
2422
856
831
121
1703
625
95
-1565
-92
1566
1646
1786
-3092
-50
-1624
-1711
-2050
1142
560
-1688
1817
398
1378
-1573
-149
822
-1638
253
2783
2025
78
-405
-1982
1592
2038
-122
-284
-760
542
-242
1159
1109
1410
1728
-1141
2043
-1620
1974
-710
2262
1614
722
-1618
-1459
-691
1306
881
1393
735
-1794
546
-2042
66
2196
1541
-1964
-2171
104
576
-1223
-187
-52
-1433
-133
1690
-1947
1809
-91
616
-1788
-1452
2015
-1587
617
2444
398
-1984
360
-2126
370
1761
-1054
-809
-1659
-1455
1970
941
-2123
1887
1323
-527
-3077
-206
-72
-1899
2046
-215
263
406
642
1160
1245
684
-597
1469
1648
-1911
152
1088
-1730
1007
1606
1843
1585
1990
1465
-1300
-1947
261
-2010
-380
850
404
-842
-1947
-98
587
-577
593
2025
250
-1504
-1664
814
2024
1351
-626
1177
2057
1579
-108
821
1251
2289
2041
-1182
760
-546
-1536
1245
-1183
1120
2387
2290
-1213
1827
1642
-20
1982
52
1872
1611
1931
-1022
845
-2026
-2345
2357
1661
554
-190
1902
666
1264
70
-1801
1296
-1764
-2329
1250
-1317
-699
-406
-1419
530
-1857
-1946
-1317
1679
-1029
2157
-1752
-1918
1300
-2579
456
-1511
-152
-2192
1498
893
-378
-144
1688
-1979
-936
326
-1555
-98
2595
-1615
-1516
-2241
-1421
522
-412
794
1507
117
1655
247
810
-1457
-263
40
584
-1544
22
832
2161
-1744
-1379
-1647
376
1028
34
1760
1899
-1644
1638
1730
1748
-835
-2118
1084
-1056
2104
-578
256
-147
-1817
1192
1825
2104
-1331
1399
-1703
-2139
1744
-1110
386
696
-2086
-2065
-570
-2268
-1935
2408
640
1191
-2156
-1221
-1171
856
1505
-14
-1608
1594
160
-1762
1702
845
2526
1245
-406
-494
-1586
1669
-1752
-945
1735
-1147
-85
2244
2115
1883
-670
-548
-1724
-1088
-512
167
-918
-764
2100
1773
-540
900
-381
858
-2351
-1338
1765
-530
1092
1274
-1334
1165
-1312
870
2036
-2703
-1029
2030
-2136
1527
-1013
-150
442
474
-582
-748
576
-2341
-1430
872
-666
-1877
1056
2038
-1654
-1656
633
1785
2181
-1422
-845
2814
1712
-816
-1193
2084
1560
1500
1676
1957
518
143
-2315
-913
-2324
621
2205
-246
-689
-1066
-807
-1476
1012
940
1082
-1859
-1839
733
2195
-1383
-1586
882
2543
733
1565
-1379
-2671
1139
-743
675
-91
2117
2191
2039
2018
2028
3230
-218
-1022
3054
793
1793
2165
1416
-436
897
-978
-1901
-1978
-1816
-577
-1321
-1233
-2706
2025
1857
1731
-1659
1911
-353
575
1360
-742
2411
-1816
-349
978
-315
444
-1940
2
-1301
469
898
-96
-1280
-913
-384
-887
-1791
-2037
-471
290
-1119
-426
2101
-1570
308
679
1827
-802
-777
-930
1839
-679
1050
1538
1442
-1712
1150
-190
2054
-1813
1858
1275
2655
221
-583
-836
-2
-198
-1152
-177
-1316
-1322
-973
-1930
-1039
-701
-290
-1088
-2192
-1359
2030
-598
1339
1766
161
227
-1686
1212
-1590
1155
-1984
-1354
-141
1465
2171
-2072
-2001
-1800
-1083
1832
-1694
-343
-422
-2504
-130
518
268
-1891
1926
-1013
1652
474
-1451
400
1505
-879
-1237
1656
-773
593
-1669
-1268
1763
-1728
-2069
-1590
-74
-1334
-1468
-907
2225
-1253
-427
-1988
2008
234
-2140
-1603
1905
-618
1983
1121
1528
-1674
1737
548
1500
502
1159
1574
1548
-2351
-2247
-191
3545
2210
822
-652
1223
-526
-1906
2545
1756
-2063
-1655
-414
57
-2410
1383
-485
882
-2354
186
2191
-286
-1100
-1181
-1147
-1217
-848
-784
-1819
983
2806
1406
2244
-1478
2049
3169
-20
2302
-1613
-1924
-2
1303
-110
1930
-1381
1764
-1519
1217
-2119
-1839
1330
-1816
-1727
-4
1937
1880
-2632
-1161
1479
1751
-2157
-2185
212
1735
-432
-1896
-1718
-1926
-1949
2190
763
-1817
-1474
-1256
1138
-989
-1585
971
1911
-397
1620
-1175
1670
-2507
-1789
-1791
1425
-1689
-53
-731
1469
-1295
1655
-2180
-304
-1577
-1500
453
1192
404
777
2187
1397
-124
1752
1787
1476
-710
1768
1010
-1297
-615
1066
1802
-864
-456
-492
1709
1035
2599
1760
-257
-2284
45
2028
-2479
-214
1785
1878
676
2820
-721
2264
1404
-169
1769
1639
-1828
-652
2120
-1112
465
1760
1973
1651
-1054
-1129
1446
-835
1957
340
1597
-201
-173
-143
-1259
-1766
1780
-907
1495
-655
1009
1964
1626
-1292
-881
581
386
1359
1069
4095
-941
636
1056
-1418
-2049
1560
-2278
-292
2190
-1820
1615
1733
-2024
1151
-278
1631
-378
1424
3234
-418
-1566
-2311
-142
-1806
-1425
-928
928
-768
636
2306
-974
-2041
-2112
2116
25
71
1839
-1148
1508
1680
485
-1375
-2339
2045
650
351
-433
2346
697
1538
-948
-1010
925
2650
857
1922
962
-963
497
-1826
1303
2308
-462
1899
-1769
-1320
-380
2081
-1859
-1553
1154
5
1469
2617
1526
-1174
1846
1820
-836
-619
1255
-1998
898
-1168
2141
400
1962
1794
1583
946
-1981
1983
-761
-316
-1726
-588
-953
911
908
1739
611
-1973
-952
1511
-1738
1727
-2009
-102
-1696
-2445
-1266
-664
1537
-536
-491
1267
-912
944
1782
1667
1584
-620
-2096
-1231
-2191
-2026
221
1451
903
-2108
-1794
-1755
-1816
1138
1122
999
-514
327
1751
-789
51
1154
1526
-893
1578
1748
1965
1881
637
1338
-903
-1345
1667
-1803
-332
-1845
-1103
2387
-480
87
1720
1741
750
258
-1369
-1730
-1809
2529
789
356
-258
-1474
-624
-1200
-1111
-1483
442
2198
-1207
-1294
558
490
-554
-2357
-337
1849
-2183
2269
-1827
1452
1021
-464
-1345
-783
-2574
1258
-172
1698
-1440
-1470
1363
1354
-1398
-2007
-1205
-490
-527
1705
-1538
-2047
-1660
239
57
-2004
1781
-1990
-1709
208
-1752
1774
1417
1784
-824
1025
1267
1806
1184
955
698
1779
-1317
-571
-1824
-1557
-214
2082
1347
-1584
153
-882
-2036
-748
-1697
796
2061
2617
-1679
-1987
-179
2161
-1631
1654
-1079
774
-1558
941
-2071
-1571
729
1538
308
-145
-2118
-1359
471
23
2309
2061
732
-914
944
698
1774
-1168
1
-3292
-1694
553
2292
-1336
917
1912
1643
-424
-1387
256
-3593
1690
-735
990
494
1548
-2493
1558
1007
111
-1815
701
1517
-2207
-2502
-2087
999
-1793
-1076
1415
-1919
-1700
1216
1830
-671
672
-1084
1383
-1264
1725
497
1312
2102
-1050
1870
3487
879
-211
-1651
-1494
-1780
-1886
1097
852
-1497
616
514
-2181
-1749
2120
-1514
1027
-1002
-89
-180
2100
-766
295
995
26
-1535
1027
-1280
989
2234
-1844
1847
631
1775
-2268
1202
-681
-1548
-2242
2340
-2646
1156
-1341
-2931
-1834
1278
1735
-349
1454
650
-1672
-1295
-63
1390
-547
-1348
-1188
-1477
1521
1353
2021
-2244
-308
-1125
-2036
2045
-841
1154
-190
-285
-73
-496
-1047
-503
-2403
992
-1086
1325
934
2176
-102
-1132
202
1492
1886
1255
-1325
-608
-1433
-2281
-1421
136
2083
1410
420
2731
2167
2
-2150
-1210
-1226
1503
2142
-504
-790
-1356
1016
1136
1840
-1649
-441
1769
1764
-1877
-2171
-1259
1341
-504
-1474
-388
2215
1156
2101
-119
-494
1525
1387
-802
-1086
-682
1212
87
-208
1791
1384
1444
-672
1976
-2155
-378
-2234
-203
-1119
2265
-475
1271
-1472
2201
1052
-161
-761
-1130
2031
-1486
1732
-1140
-1806
1427
-733
2158
1015
-2146
-1257
-31
1726
-1638
2633
-801
-1751
1705
-2043
361
-1978
-2020
-1726
2440
-610
2432
-2063
1528
-2104
-1218
3075
473
1271
-1012
-1185
-1828
661
-1847
1593
-1586
1882
-1860
1906
1202
888
1746
1537
-469
1230
148
-2176
-1259
-174
-2157
995
1003
2102
-1440
-1935
-1764
-117
-1852
1106
1996
-90
574
-1210
-1652
1432
-1899
1084
1072
-2534
1773
-935
907
1143
2048
2494
-952
-2032
29
680
-1320
1530
-1480
1359
-3195
2231
1266
124
-561
2141
-1603
25
126
964
-2533
2183
1891
1530
-2325
-1033
-156
1526
-1825
-548
2102
106
2580
1178
-1998
-1659
38
-680
-1312
1556
-1938
1044
2026
482
-2078
-2004
2388
1806
-2194
84
1562
-1030
-2066
789
-1655
257
-836
-429
-1126
91
-674
1243
-1970
-240
-1389
-1371
122
2412
1471
2167
1818
-1688
-1298
-2502
-404
826
1474
1344
26
-1462
1704
2406
-2047
-1042
1754
-1194
-1713
930
-372
2085
2169
-1865
595
-1333
2080
-1427
1863
629
531
-1635
1833
-419
-1040
1357
1320
-627
-1850
-167
-480
-1660
1467
1753
43
-1240
-922
2557
-1573
1817
1942
1059
1690
-1927
1832
-389
-149
1865
372
-1750
-1430
-222
1670
-1930
-2366
471
67
1860
-1539
-2501
-142
-202
1847
1052
1356
-489
-1076
-1885
503
-408
1475
-2274
-2513
1813
-650
1698
-1041
-695
-2059
-311
-1660
1794
-37
-1984
-505
609
1784
142
2483
1365
-1880
-949
381
-1825
-1068
-225
-1716
-1489
1593
1151
605
-242
1453
1710
1130
1818
-1804
157
-893
-1642
-1034
-858
-1190
2302
1917
-1342
-1223
-1447
52
-1925
-102
552
-1980
-1086
2094
-1892
723
1840
321
-1611
1105
1538
1559
538
1040
1801
1720
19
340
1880
-1169
1025
-1196
-1742
-1381
-1310
148
-2202
-992
-1186
-2019
-1712
-1093
190
1208
-1628
2058
-1590
1918
-1406
858
895
1654
-1918
1271
398
-1950
1656
1070
1839
-1606
-1802
1340
-2333
-1301
1101
-1481
-1618
-597
1389
911
1870
-2673
822
-1863
2055
593
-1410
2077
861
345
-16
-3118
144
-1851
-388
2157
422
1475
-1534
1698
232
2159
1637
-1879
1014
-513
527
36
2172
773
787
-1649
-2084
-1270
119
1479
-2066
38
45
-2309
202
367
-1347
-1730
53
355
-1315
-1439
-1112
2129
398
552
1006
2151
26
1371
-198
2583
304
-1643
3102
1295
1992
-724
1883
-208
-850
-1640
-2079
229
-1410
1779
-1456
1617
2055
1917
-528
614
1363
456
-1200
-1990
416
-2415
2683
1228
-724
-946
-2204
2100
983
-1543
2095
626
1505
2056
1006
-1109
42
-1669
697
-1860
-1681
1680
1318
-1902
2288
1585
1429
1708
1072
1334
411
-1328
2251
-1109
848
-167
3
-663
-1166
1151
911
1921
796
444
-2020
-1487
-304
-325
326
-274
-271
-1862
1297
2387
-365
-2547
-1673
-2071
-808
454
-1038
-909
2019
515
-3129
1388
801
113
2328
2167
1175
1544
-1697
-1739
1954
-2107
1563
-2092
-2216
2421
-404
-1689
2385
1904
-1177
-1107
1467
-1549
-1268
-508
-833
1872
-982
1255
1644
-698
-2313
1832
1871
-1321
-1713
1470
-860
-1577
1586
1233
780
-2573
-2156
1876
-1698
607
-537
1041
-2388
287
1346
168
1393
-1010
-1259
-1553
1412
787
643
2141
1161
-64
-1923
1588
-1791
-2049
952
-1392
-1706
-723
1692
-1762
-262
633
-1217
735
-1542
-1875
-1698
1637
-1511
10
1471
2168
-1381
-2136
-2068
466
-1374
2239
-1279
-2224
1993
-2240
-1985
-62
-1494
481
1519
-2077
1773
-1149
-1116
573
-1365
2249
-1058
-2491
-102
-943
2377
667
1661
1264
1601
-1984
-664
-1383
-3254
-1471
-2873
2121
1086
2280
-1018
-2389
2072
226
-352
1847
-1365
-2331
709
-1441
-669
-1233
-69
-1770
-1310
-407
-1741
198
-411
326
398
-2063
494
-1722
-1363
1659
-1047
-1015
735
-891
1735
-110
-2522
1889
-1105
1433
1309
1701
327
4095
-1995
1522
-1955
-2223
-2053
-1843
1385
966
2054
1803
2220
2279
27
-1584
-1383
-1219
-262
-597
475
-1908
955
1893
-125
1463
1557
-2771
2050
-1861
-424
-523
-648
-1309
-1865
1385
1031
-1368
2344
-1332
-1874
580
-1932
-1870
1552
193
-695
2002
-2773
780
-2053
-1500
-2226
1092
-1995
-1410
-2217
-197
-1523
1397
472
-1122
-609
-1615
1718
-327
1186
2492
1425
-1570
321
-288
-1080
-2200
2197
1855
540
-419
1791
2945
526
2494
-1810
-1282
1359
1706
920
-1320
1611
-1964
-1783
326
1883
-1666
-1850
-1118
1444
2268
700
-1421
-2069
543
-141
1844
-1686
-779
1740
-2076
138
-1937
77
1207
1543
1320
-1446
-891
-1787
-2033
1630
-1172
1799
133
-1187
-2219
-2744
2085
1433
990
-884
-373
385
1786
1613
-383
-1543
1607
1036
-1007
-2599
58
1573
694
312
-2619
-1558
2198
2158
696
1327
-1521
722
-117
1097
-2756
-1569
-574
-2107
1064
-3363
2256
-212
1075
1813
-1733
1406
-613
-2168
878
-2620
-922
1931
-588
2467
1873
76
1067
-1478
-1970
184
2223
2119
-942
141
-216
1887
479
-1570
-1689
2517
1215
361
-1740
869
-1968
-2235
2035
-3077
1971
-1055
1392
-1149
2598
1445
-279
872
-1174
-2503
882
-1189
2038
-867
-463
-3509
2381
1646
-2003
1958
215
2401
-1053
-2174
2235
1812
470
2332
109
1258
2890
293
-1758
-463
-1455
1886
1152
1295
-1539
-711
1882
2410
2223
1649
-1692
-1476
106
-1437
-684
1783
-1554
-1939
-1058
-991
-1813
132
1430
-3094
1489
542
-488
-1262
-2031
1721
601
558
-1564
-1290
-1215
-3767
-1663
-2100
-1152
-2480
1782
-1663
1983
2007
-591
2167
2046
1203
-2247
-1440
1872
1428
-1931
698
-540
-1795
-1681
1019
2203
-1312
-1423
-171
175
-1652
-525
1347
-1115
1399
-1723
-504
-266
1005
-1309
820
-32
1011
-1921
1469
-2141
-1425
1595
89
1610
976
2534
1064
-1765
1655
824
2037
675
1212
1274
-2144
-504
2001
14
1612
-1511
178
-1729
-1529
-359
323
142
21
-2310
-868
1997
-1376
-1514
-1728
1817
1435
-588
-1587
-724
-1309
149
1734
1410
888
451
2249
-805
579
672
-1490
-134
578
1221
-1441
2000
1815
2140
-1340
2338
766
-2108
-1869
-167
-1911
620
1066
1661
-688
-1256
1352
742
-228
2013
1860
1756
917
1304
-1037
-744
1673
1230
2037
1623
2610
-922
-960
1546
-334
-78
-1281
1634
451
1098
1526
-1103
1687
-1711
1918
1199
-480
273
1845
2372
1446
1739
-1316
-1836
-1768
1874
-410
1370
1976
-1049
1523
1325
-1539
-1808
-1706
-1725
-412
-1482
-1422
-2085
526
-1996
-444
-1935
-528
-1251
1895
757
489
1925
-1459
1914
-2
1514
1986
1119
-1902
1236
-1261
2029
-1440
-1765
1817
757
1926
-631
1152
-1173
1845
2595
2140
-286
53
-216
2416
573
-1823
-936
-1960
-730
-652
-2047
1476
-527
203
1598
1288
-750
1578
-666
-1876
-1488
1883
-21
944
-1339
2310
-1413
-335
870
2244
-1755
-2071
-1826
-591
-1982
4
-3178
-595
-1453
-1197
916
-1908
-2532
-1812
-443
1687
-326
-1677
1182
992
-1684
-950
-1601
1489
-1952
-1043
-1412
-1817
-2666
-2188
-2030
664
-2101
-1300
-510
-2504
1864
108
61
852
1160
-1901
761
1536
588
1565
-1502
1540
128
1514
-29
735
1848
2480
342
-589
1840
694
1699
-1631
1446
2198
-470
-351
1106
-1542
-1644
-1374
1933
-1210
580
-1092
-1767
910
-169
1426
-337
-1224
-1242
568
-613
-59
521
832
-2024
1044
-806
132
708
-1153
-405
9
330
-63
-267
-500
-178
-1952
1687
2087
-122
2035
38
2113
-1866
-571
1708
2071
1135
-2658
2345
-41
976
1623
2080
464
-8
1504
1540
-2462
-419
798
1813
824
1536
357
1845
236
-835
-2263
1709
-1427
1903
1984
-1746
1769
2911
-2533
-1743
1505
442
-258
-1301
723
-1086
-393
1311
-1125
-1768
1610
-1711
1891
-847
-2942
1367
2156
225
-2140
498
-1314
1235
958
-690
-1476
-1045
1617
-1938
160
1214
-920
-523
-875
2148
202
-1409
-2990
-1039
-421
-1949
-334
-1772
1786
-1038
220
1651
1782
-227
-168
1717
-251
2579
133
-2357
-892
-725
-411
911
-1497
-2051
1384
-115
-2143
-2364
-1287
-470
-1425
-270
-1231
1568
-649
1323
845
1180
139
-1419
-2322
-1152
2288
-94
-1967
257
1828
-1608
-968
1548
-2319
1688
1899
-341
2483
-2118
1872
1665
-699
-864
-336
-1711
2192
-383
-2072
595
-2327
-104
-2032
2113
-2284
2358
-1198
1194
1936
-1746
713
-2176
-1904
-661
410
1324
-1092
832
-1023
855
2465
2018
-1836
-1805
432
442
990
-2141
-1870
2247
-1598
1827
-1942
-2100
-255
1119
-892
-1011
-1166
-2429
-340
-1120
-1404
-1695
2285
2166
2058
1793
-85
1633
-787
-841
381
1011
2166
-2505
-2220
1017
-1608
-173
835
1708
1955
-1049
577
1699
-2160
-978
-1687
-1010
-2213
-2118
919
-652
-1034
-923
-2921
2385
-588
2945
538
2108
-1818
-245
-3533
1558
-2303
-1823
806
-1981
2140
-1858
2080
1043
-900
555
1223
1957
363
-1951
-1306
996
2296
3875
-1865
-180
-1037
2242
-1231
-1908
-1893
1606
-2064
1833
461
484
1742
2909
-1395
1963
-1365
-76
-865
1986
-2432
-1814
79
1888
-695
142
-2069
2848
-1850
-2047
1281
1283
-1839
45
-1203
-1961
1682
886
-672
-1148
-1669
-844
-2000
-181
1347
-624
-7
1055
-836
-2137
-63
790
-369
1355
1656
-2093
-1076
1135
638
573
-130
1416
587
-1550
-1459
607
-1391
-1806
860
-613
1276
-864
367
1983
-1532
638
975
-990
-1648
-1352
1843
-1252
2088
562
2148
1202
-1667
65
-2339
-1755
-135
-434
1702
551
-985
2077
310
1671
61
32
1826
-1691
578
1325
-1317
380
1937
2191
-1658
-1951
-828
-893
1260
-2051
-262
801
1428
1210
2190
212
1954
-1790
1644
1339
1445
1515
190
-571
574
-1915
641
-1206
-156
-1714
1388
846
-1608
2698
-1470
231
2013
2233
-1039
-880
635
-1964
-655
2174
897
1804
-574
-1021
654
1629
-314
1786
1900
-1333
-1844
2028
-1648
1328
-1363
517
1528
2179
232
-1618
2110
-1884
-799
-1294
1436
-470
1874
-2458
1438
2061
1794
-1597
1804
-2291
1456
-553
-1930
-1702
-336
-1322
-1182
-1703
2096
1741
-1548
1573
996
-1685
1015
1812
1944
-1236
400
-489
-979
1609
637
487
-1683
-762
1900
-1103
473
1301
1151
2672
-1735
-1488
1086
-1105
3557
-597
-471
1373
-632
-239
-2543
1049
-1545
-1500
586
1202
1544
2116
1428
-1926
2069
2078
2197
1777
-1139
1710
723
924
-43
1273
-2170
1860
390
-176
1326
1715
-700
289
2095
-1499
1049
-757
-1387
1062
2405
-1843
-1978
-995
1523
1557
-1485
1528
26
-666
-528
1353
-1297
-906
1503
2205
-8
-1213
331
-1157
2574
-1981
1101
-657
1210
-1435
-1054
-1932
-2374
-142
1949
-1709
1913
-2348
-1995
3229
1802
459
1805
714
-2104
1448
-69
951
-2548
2027
-2780
-1792
1887
-2360
-2240
-1347
-1988
-4
1583
1401
1168
-2869
-1961
1530
-203
1159
261
-2286
2309
1742
1792
-1746
-2224
2879
-228
-85
1523
1976
636
250
1056
1912
-1468
1669
1292
-242
2850
-2400
1264
1761
2056
1566
149
-3426
-2188
-877
-1730
327
1056
-1171
-985
-1741
2205
158
-2062
353
390
2194
275
596
-1725
1264
622
130
1397
1769
-510
2505
-1807
-1494
-1784
297
45
2042
624
-1564
76
-1758
547
1153
-316
2101
-230
1033
1793
2646
1168
-1289
-1983
1362
787
354
-802
-2012
989
-2072
649
-2365
133
17
-2109
795
198
-1112
2030
1912
-1755
1833
158
-425
-1981
-1294
-1287
1458
2051
-1236
-951
1696
-1752
-699
231
-673
-540
-1859
2198
1934
-1454
-102
1528
1705
-1375
1216
-1974
-750
-811
-2063
1158
776
-130
1889
-684
49
2326
1243
2192
1051
725
-1233
1042
-1558
-2664
1642
1363
-1260
244
-2630
810
1870
2192
-349
-1721
-1439
854
2122
-1210
2089
-374
-1288
-1977
-1636
-2344
-2805
1655
-1526
139
-326
3096
-2278
1467
1949
1330
461
954
-1352
419
-1383
696
1804
-316
1941
1120
1848
2051
-1579
-1681
958
-2561
-705
1687
-1716
1920
949
66
-2533
-949
-1445
-1031
1092
1599
-1171
2021
611
1205
-200
-1411
-589
1941
-1820
-179
-575
-450
-1752
1740
-1651
1461
843
1601
1972
-317
-763
5
1726
1985
-2269
-1715
1006
-1312
-385
-570
-71
-1644
1486
1996
333
-2097
-2031
1188
-1318
-2223
2342
920
710
-1682
1556
-1319
-283
1076
433
-305
182
-1217
465
-2743
1606
1632
-669
-249
-930
-1777
-405
-1863
-801
-583
-50
-830
-2581
2264
-111
1635
636
-2079
763
-1678
-1878
-1317
1250
-1293
232
-1235
1938
1006
1362
-235
1364
-228
-1437
-460
-1981
-1923
1267
2532
-1788
-2182
-1888
-272
-1334
-686
649
3073
-1267
-1137
942
1445
-677
763
1000
2333
-723
1471
504
-2175
-1044
-1928
1500
-2042
-1982
-623
-1969
-2242
934
-1669
1914
402
1590
-919
-1472
327
-523
-136
379
-704
363
1824
1325
-886
-1949
-69
-1758
-2544
-536
-1036
-1437
866
-799
1976
1669
-1967
-1140
1889
-1095
-219
-1045
-89
1833
-812
-1666
2040
-1783
-1819
2190
-2403
-380
188
-865
-1640
-1134
-1293
1618
-1994
-1430
-1768
-1805
1753
-1278
-1570
-598
1893
1950
1993
-1126
1756
-305
330
324
-1587
802
846
-625
-1361
-2415
471
-1553
-684
143
-466
-577
1926
202
-2050
208
-1318
-2152
-671
-1981
1159
-1922
1751
716
-1722
1946
1498
-215
2244
1565
-1909
-1695
-1358
2060
-2261
1362
1687
-1838
2313
-506
1789
-2134
329
1160
31
-2194
-1066
893
817
1337
1714
92
723
-143
2367
264
-1747
-1648
897
1242
1299
-1843
2372
291
1186
367
-131
1970
1401
1904
1438
-677
1905
1565
-860
2246
-2280
-116
-1817
-2229
-703
461
-1439
508
-1551
-2261
511
331
-1304
1476
768
107
847
1645
-1657
-1639
1790
-1112
1454
2897
1892
2075
-993
-483
720
1408
-1478
1812
2159
776
-2001
-18
1986
2121
1082
1774
-1029
2456
97
-2218
-498
-228
1993
-965
1749
306
1559
210
1682
-1237
-990
341
2505
-271
1928
-1933
-2395
2100
-462
619
1680
1913
-920
1717
1605
1828
-931
1394
-2371
1374
-1328
551
-855
-1675
749
-1454
-1364
-1280
2288
-1442
2175
51
929
-1966
1819
-959
886
-1417
235
-2194
565
-211
719
-1972
-2031
-1282
-145
-936
1783
-798
142
-353
291
-2037
317
214
920
1464
1665
1658
952
1533
-959
735
-1024
2720
-812
318
-1579
376
168
-1429
-1056
2308
-550
-985
-2167
-172
-307
-1650
2223
-974
-640
-1410
1932
-891
2004
-915
-1210
-769
1222
-258
2030
-1060
763
1868
-1807
-1834
-484
1475
-25
390
-585
-697
-1715
722
-1494
-562
-1433
1672
-857
1703
-1056
-766
1268
-361
572
-1227
1834
1611
1803
52
-1091
338
-215
-972
-2344
1885
-540
2069
-845
696
-1446
1410
-587
1468
-851
-1059
458
2256
-942
727
-2017
1718
2168
2130
-245
565
-224
-1391
1679
-869
910
1678
-1215
1507
3226
25
624
1708
-769
1287
1849
-222
167
1912
1802
-1807
-1790
1784
-768
-2998
-1241
1762
1016
1732
-669
1038
-893
138
-2466
1307
-2049
-581
-1668
1594
1538
1329
-626
-128
-891
982
-2552
2151
561
-1511
737
86
-567
607
1509
1724
1238
-1440
-463
-2180
489
1824
1770
464
-1850
-2108
172
-178
-102
-609
2100
718
-1568
-2222
-479
-1412
-383
-2126
833
-1575
-670
-1651
2101
-1182
1363
-81
-1564
1245
1646
-1764
-1812
830
-1955
1649
-2008
1608
-1171
999
982
-146
2074
1120
-1777
2075
95
-1688
-161
-1844
869
1292
-76
2218
1712
-536
1334
-952
1938
-2303
-1500
534
-1954
-2051
-1639
1640
1828
1302
308
-624
1146
1564
-1261
-1223
654
-258
1475
-174
-1819
-1725
1572
-1445
-2000
582
-226
-3028
-2372
1486
722
-70
2108
-1762
2111
922
2223
-565
-1290
2377
1932
2338
-1842
961
1747
-804
610
2242
-480
1498
1720
1906
793
74
622
1488
-1519
111
1969
-3046
-1666
-1794
-879
953
-1190
1918
-845
-2222
-1666
2545
-1794
-1425
1669
-1595
-1090
1238
-1683
-1059
116
203
2022
911
-197
-1023
1611
-1621
1460
-885
1024
-1173
-448
1586
1855
2231
2783
-296
2169
-14
1436
-39
-1904
-121
2124
833
201
1693
-167
-1374
-544
256
-1710
-1888
-2175
1205
-1624
-1824
504
-280
-1515
-430
138
-1752
-469
-1297
-281
-1343
9
-1686
-1063
402
-226
-1
2134
5
-802
454
-743
-1767
-301
-1304
1067
-1437
-1999
1252
2387
250
597
-341
1018
-1579
-1282
677
-675
648
-984
545
371
2219
-1381
1152
616
-1835
1459
-624
2340
-1485
-815
2204
-1916
466
-852
-520
2393
-913
1585
1252
-10
2017
1782
-1330
-2996
-146
-892
-1127
-1149
-1713
-1599
-590
1155
-2408
-1198
-1760
-108
-2142
1782
404
1241
-1393
-1313
1468
-1137
471
-1220
2570
-488
-567
1984
-1393
-690
1462
1119
-1986
-97
-1222
2122
694
-547
-720
53
-844
-1090
-1241
-1478
2774
2384
432
137
1129
-1237
359
-745
-534
317
-1445
-2491
2292
-1534
-1748
-2089
-1464
-2269
-23
1911
1009
-480
-2388
-546
1238
-2581
1564
-2081
1966
-1649
1307
-1790
-1088
568
24
2125
-489
-1352
-1581
-882
1556
489
-1675
-1538
-1804
-1727
1095
-325
-1896
-1502
2361
716
1155
-183
-995
1883
-1806
-68
-1088
1298
-29
854
1450
206
1522
-2371
1828
1663
-918
151
-1741
1427
2349
1446
110
1368
1193
-417
1416
-225
496
879
1383
2874
-3370
57
-1199
1386
-1800
-1739
552
630
5
-1700
1841
706
1272
198
326
-391
-983
1558
383
-1814
1913
-1557
-1339
107
826
39
-375
-1321
-125
-321
-979
1146
1735
1950
855
-763
360
1612
-1153
595
-348
815
312
-2032
2035
-1338
-455
254
109
298
-450
2127
433
-2327
-1355
619
1077
-2181
-167
-1990
-1537
2054
-38
1250
-942
-2029
1388
-227
-1141
530
-1895
1385
1378
1040
936
-1681
-429
2726
-1845
-1799
-1883
1650
-2151
236
-1926
1974
1519
791
-1478
1516
-2078
-1306
1454
-1649
-1951
1351
-2371
1450
-691
-1233
471
-1004
569
1103
-151
-2060
-501
-1278
-1636
1630
1493
1498
415
-754
-1912
1044
2001
1068
-1082
-1694
-1132
-1186
2028
-2072
-670
-8
-938
-1482
1558
140
1797
198
-1998
1833
1504
-2107
709
-395
890
-1644
-2343
-15
-2414
1944
2313
-561
1746
1877
433
-1682
-137
748
-3064
-718
-404
-359
-1710
866
-1875
-291
-743
2388
-1870
-1405
746
-992
1297
801
-1545
-397
-420
1014
850
-157
380
1139
171
1193
1813
1432
-1372
1159
-1817
-499
2038
499
2088
-1213
-2068
-1122
-1061
1312
1617
1214
422
-851
2107
-1029
1943
1955
2029
-1063
2110
1360
1677
644
89
1739
-1093
-478
723
-486
-1876
1822
1077
1714
-1146
-1459
1525
642
2288
1804
-70
-893
574
1403
1210
-2265
-2549
789
-1425
-93
2274
24
1097
-2274
107
273
318
3101
2000
83
1859
2341
681
-102
3487
887
-1872
-845
-864
-1094
-1784
-1795
2049
-1101
-625
514
93
1267
679
-240
966
-225
-1511
-85
1765
1761
1159
-1087
-1621
2267
1402
-2369
1050
-1785
-1157
1527
-597
1943
-189
-1236
1029
761
-1161
-579
2406
2943
-2215
1813
2167
1863
2587
548
701
825
1605
-1618
2332
667
9
585
1764
1611
1388
-1619
551
-1834
1049
2080
-1640
1648
-2179
-59
1476
-1728
1078
2349
-808
1910
93
2557
-1469
-2048
-55
-555
6
-1420
-2254
-2042
1325
1804
-2315
1212
-31
-114
-2891
-452
1301
-987
2545
2464
-1289
-1490
177
1844
687
-1970
869
1909
-394
621
680
-512
-1274
-1138
-1919
332
1472
2787
1488
1942
922
174
-1229
2088
-1219
-1079
-1998
-1761
1428
-1365
-535
-1223
1594
1447
-590
814
-286
1232
-2022
-689
2001
-1450
-117
2027
-1302
-1730
330
-1550
-1433
1736
-1092
-2095
866
-498
474
-2018
-1985
1615
-772
1635
-1230
-2213
2113
484
-800
2201
1484
1005
-1097
1755
110
560
-1809
-3426
636
-1285
-362
2156
1143
-2535
1845
-1021
-962
-2668
-1638
-548
1880
-631
-1884
156
1425
837
-866
1125
1783
-2869
1210
236
407
-825
1764
1042
108
2028
1300
2024
1290
2244
-1770
-588
-8
-114
-2144
-2241
-1950
-2039
405
1684
-526
-167
304
195
-1363
-1832
2866
-2357
502
-1998
38
1619
-1218
1797
1921
472
-406
1261
1665
180
-422
-557
1746
43
-718
1276
-311
-1566
-955
-1463
2267
-246
256
-1658
-1055
-1259
1839
-1432
596
-824
-145
1934
1661
1560
-1237
-2026
1110
345
-2411
-844
419
1950
1650
2972
-1244
-512
1371
-2990
-1322
1507
-597
1527
1529
2267
-964
-1875
1450
768
1916
-1985
128
589
1224
-1863
-1663
888
-370
693
-248
1835
-1668
413
-386
309
-2646
-1943
-825
-117
-270
-1899
1785
60
-1031
1222
-2404
-1543
1175
453
-1429
-306
1436
1917
2038
2008
1453
-1189
835
1302
258
-1128
-2402
1839
-1496
-1579
-1526
-567
654
2588
-935
-1878
-142
-2869
-1146
-1925
1578
-2698
-1111
676
647
1454
1294
-404
-408
753
-815
579
-2292
2205
1998
2168
1440
-444
229
2
1634
221
-922
-255
-1065
-1032
516
2009
-1719
984
-1680
-1757
857
-1420
1770
-1621
1329
1767
2240
-240
-1295
-1689
-1955
-1116
2856
-1801
-156
935
1013
-2261
1034
-1498
1384
-1215
198
1040
1275
-2442
-1791
-217
1978
-1939
2222
2064
-2111
759
-1695
2008
-2269
1261
-980
552
-1356
1717
-1518
-2416
1129
558
1868
834
-2002
-1950
339
453
-1913
872
1658
1374
1485
2522
-2134
551
-243
-623
1492
1817
-472
2276
1617
-1601
947
-1538
-1535
2484
-1053
-2942
-2002
-1132
-582
-39
-430
2349
1536
-1618
464
1761
-1669
-1475
225
-1154
1623
2447
695
1939
30
-972
1684
-384
551
1882
-1260
-1435
-1833
-1587
-362
-1448
1909
1583
1045
721
-2357
708
905
-1204
-1291
-518
1855
1427
481
1342
1688
16
1320
-180
1579
1797
-1639
1049
1228
1721
-664
2462
297
1123
970
-1365
-135
1548
1890
1384
1546
-1950
-1291
-1670
-2158
-935
1943
361
-2399
-1425
-971
2022
1215
1371
-61
345
-1838
2020
-1993
2400
-2514
-882
2023
1266
1086
595
362
1300
1584
-116
1055
-1097
592
764
-762
-2004
-1162
1739
3487
-272
697
-107
107
-421
-380
177
-693
-1613
-1755
-1356
-1988
-1122
-392
2484
1615
-1345
-1884
-554
626
-1724
5
-1900
1747
1475
-851
2001
-1992
1144
1183
-1134
-1047
-2094
1636
-2237
-1256
1651
-1577
1632
1780
-1570
553
2129
2050
1924
2517
531
-2288
1643
1591
-215
1192
814
-1312
1445
340
-1220
821
-857
1042
1461
-1680
952
-1450
481
579
-185
996
-45
-1186
-2048
-1990
-1158
1275
-872
1453
-2348
2276
-426
491
-313
-35
115
-2058
-960
2017
-1548
2019
836
-546
1558
599
-304
1517
1072
722
1417
1497
-2003
2080
80
832
1138
1779
291
960
2759
-1363
1757
-1639
-1636
-65
-1910
-404
-2267
2282
-2126
-1675
1476
-1036
2272
-1029
-903
1026
-1219
-666
-1414
2192
-2052
-1752
1180
-1157
-1583
1802
1394
1515
-1659
1475
-2410
1416
-202
-1915
-1395
378
-1870
-1379
-2030
70
975
-1806
-999
-811
1955
2333
1354
1940
-1345
-770
-1328
-1863
1399
1760
-471
-851
-2432
-607
-1963
1235
577
1318
2026
654
1982
-2123
-1183
187
1712
518
-2632
1607
-2493
-1560
-1766
-1317
1874
-852
-597
-1499
1420
1867
1931
-719
2041
2088
-588
-1223
-948
2171
-1086
-1950
144
1573
404
-1726
-1452
-37
-56
2337
-1840
1172
2269
-1034
265
-1648
-1236
-1299
-1752
1274
182
-1738
2942
342
1452
-467
173
-497
-1210
-1984
-1669
1533
627
-1193
2210
-4
1393
1277
406
638
-417
1379
735
-827
-706
-1314
1766
-1253
1699
3064
944
1501
1250
-1036
3387
575
-183
-2474
-1258
-1335
-957
853
312
-2288
-2058
-1426
-883
-1218
-2480
1783
1562
-1558
-158
-2218
3028
1169
-835
-827
-941
1781
2173
1463
-227
1439
1660
-1065
-37
-2033
46
934
-2296
1929
-1019
-2117
1695
-1144
1658
-1934
3174
-686
2080
1747
1865
461
-401
2364
-866
1902
-1177
911
305
-733
-458
1835
920
-1071
-1743
1453
1618
85
788
1821
-397
27
-1877
785
-1583
348
2060
-1392
-1783
-1226
-581
-312
-79
302
-22
1676
-1995
-1768
-618
-1321
-1549
1272
-1322
-1294
-1062
1845
1748
-1838
160
-1220
-892
1015
975
427
2049
902
-1865
-2144
-2377
-118
940
-136
1264
2516
-385
2121
-1065
759
2125
-2040
2062
1075
2273
2151
1233
-2008
-1772
-1424
2061
-1378
-450
-43
-34
-2030
-585
2015
-1684
-803
-1379
1859
1875
-652
-1766
1394
-1006
-783
-1839
1621
-1236
-8
2226
-365
-1448
-1851
2048
-461
1879
1933
-1462
-774
1063
1624
-1549
-905
760
-327
-2030
1842
-3160
-1434
716
1580
-1273
1732
-1247
3152
637
2222
-885
-651
-602
-2551
-1544
-1091
-2046
-1319
-1735
1311
1606
-586
-1841
-1704
-1411
-3263
-1495
-2244
-652
884
-1395
2557
-1890
-1519
999
-275
-377
-1554
-835
-1345
-684
1094
1309
-2227
1438
-705
336
1394
-1985
-2046
1139
-887
2308
-2014
1062
500
-1616
-1021
2069
1692
-560
2147
-1421
-2243
-1347
725
-161
-1172
573
573
160
1554
-986
23
-597
366
1297
-1315
441
-1757
-353
-1972
2096
-584
-807
-137
2100
-2228
1853
-997
1293
-1711
-757
-663
1555
-2427
-1934
-2204
1786
986
-2482
-1333
1653
1615
140
1449
-163
-597
-2185
-1474
1372
-1619
1228
-1552
1379
896
2513
-74
-1290
1652
-225
-1843
-1767
139
1707
-2003
-1179
2186
-695
-1627
1571
1263
1904
1779
1757
-983
1914
-794
2049
1072
1606
-2196
1518
-1411
-1604
727
-1691
-1314
1163
-809
2018
815
-1827
2079
681
1508
548
130
-462
2241
502
1008
-466
2380
-1647
-2415
-1365
1712
-777
-915
-2827
-1163
-961
-382
1504
-97
-723
-1423
2385
-1810
1755
522
-2118
2151
1620
139
53
-1521
536
2181
2026
-441
-156
830
406
1846
1727
971
-869
1603
1077
-1566
-1881
-914
-1294
-852
-2207
-241
-1743
788
-533
953
685
2494
785
3198
-1747
-1621
-1174
-63
1563
1433
-1663
-1467
391
-1889
1294
1891
1155
161
-516
-252
2358
-1495
181
-2350
-1175
1295
1156
1803
-399
-1722
1776
-1888
2013
2041
-870
150
-1210
-990
-2098
2163
-907
-458
-476
-611
-2216
1154
1782
1427
1703
-1612
-711
-1937
-1218
-1646
583
1853
235
-96
1586
751
-1692
-850
423
-638
-1297
69
-1981
2277
1409
258
-372
-1141
1638
-2
919
-1584
1759
-1479
598
-1674
1066
-1661
1710
109
-975
-1539
1174
698
925
1410
1303
1720
359
-1741
-2116
907
2982
-2046
249
1379
183
123
1233
-2151
1543
-904
-305
1520
291
-2125
1556
-1418
-2592
2267
2078
-2058
-1648
243
275
320
938
-470
1033
-2175
-263
-221
1039
-1367
-2333
1606
1977
1051
1532
-2102
945
1933
-243
1601
-1281
1606
-1472
1461
1245
-1715
1504
-274
-428
-2053
703
-1674
-889
-1828
-1705
1292
1903
-678
-1175
142
2446
-892
-952
228
1777
944
1053
-1315
-2103
53
2158
1362
-1471
1871
-1498
-1604
-81
1481
519
-2274
1773
2493
-908
46
-1848
-886
-203
2064
-375
-755
1082
1644
-1127
1454
-1929
-2002
-264
1688
886
1955
-1711
-1589
-1981
-1380
2421
968
-1380
-68
-1880
535
-1916
3550
898
715
-794
-187
251
-1613
-1513
166
-1336
1900
-375
1645
-380
1551
-1444
-384
-84
326
1386
-1441
206
2600
1278
-1161
-1600
1283
-1257
1943
-2537
1691
-1002
1528
1802
2013
-1812
-1113
1318
-717
416
-151
2803
-1280
-1649
-2134
1295
1163
660
-2220
-2258
1809
1777
-2112
-1061
-498
717
1937
-136
-761
974
1507
1219
1666
-2218
1922
2055
-1313
-1051
1575
-1325
-1476
-1919
1085
-2056
2508
-1931
-90
1706
-2267
335
1435
1830
223
251
994
327
-1616
415
-3003
440
1116
-1865
-1632
-1871
2670
-1288
-1161
-1854
-512
-1104
396
936
3875
2007
1695
2463
2487
1424
2168
1357
1137
-684
1050
1841
52
-1719
1756
-1981
1203
935
-63
1009
-492
-553
1654
-593
-1645
-2488
-1543
0
733
1329
472
-993
-1806
-240
10
-822
1953
-1869
131
-2442
2813
122
-632
-304
-2414
788
-1921
1942
-2092
2226
2026
1100
611
-1946
1530
2331
-865
-1442
1603
-1922
-1790
-1400
-1412
-1260
503
1515
368
-789
-2264
-1388
482
445
694
1690
1603
1855
858
-780
403
-1262
1705
1120
2053
649
-2690
1751
-1296
1161
1993
-389
1418
-679
-2372
-414
-1049
-1022
1661
1683
374
2088
-156
2120
33
2015
1275
1964
-1773
2025
72
-2255
1848
935
-252
305
150
1062
1474
-1583
-1001
-2063
-1526
1821
-1736
1860
-1673
2058
-1533
-949
-817
1220
-1262
1956
1679
124
1711
-1590
1215
848
-974
-2078
2387
745
-2010
-2112
564
1893
-1981
837
-1669
952
-1461
2037
688
468
1685
-198
-79
2174
-1992
2052
2736
2085
2391
-211
1822
-1938
-2302
-1429
-337
-1678
1911
-1190
-1209
1748
270
-314
846
-1236
2020
2228
309
-1295
-1957
746
1208
-380
-132
-1543
-1333
-1674
-630
-1639
1083
-1472
-1015
813
-269
922
1665
733
-2090
-380
314
1882
-2362
1385
-1728
1204
-911
-1173
153
740
2387
1495
-1732
631
-1670
1827
-1163
-787
-433
-1927
-1098
545
1119
-926
1933
-1039
-1670
-2284
662
1388
1211
694
-484
-2674
-464
602
-2227
-2495
-62
36
-1403
500
404
-1155
-1049
-1736
-142
-629
1893
1240
666
-702
-149
945
1211
-1139
-1162
-2109
1218
-1187
2016
1787
2207
-3254
-1937
1594
-2143
1890
-1186
2306
-2521
2018
2028
320
-169
1607
-1093
-2121
497
-1776
943
2248
-1985
-1644
-1441
875
1075
167
-1739
-1712
1643
-580
-1218
1084
2630
-1005
482
1909
1433
-495
853
-327
-1913
-1473
1435
-1834
-1378
1385
-1662
2249
1833
-1153
1894
-2298
981
1579
206
1227
1792
-1146
-2184
-1077
1093
130
1302
1315
-2237
-2024
-1856
523
-1262
-1019
-1023
1978
-265
786
2484
1030
-1573
-2306
-1492
1836
1409
-1424
1344
1692
-1404
462
-2535
1832
-1328
-1184
379
-375
715
1389
1297
303
-896
1301
-1846
2026
1084
-1734
-830
-491
645
-2388
-80
-2269
-1399
-3363
522
1683
1823
2685
78
-2089
65
398
-409
-1598
-714
-2175
383
-1738
-2507
952
1505
2035
-1333
1611
1672
-1793
1524
968
-215
840
-322
-186
-2065
261
527
-788
-1984
-252
-1446
1023
-3094
-607
711
2054
-2677
1625
-2303
526
2034
-592
-1914
2026
-375
-1636
-29
1574
2060
-1801
-1069
1690
334
1190
-1363
-1856
-1709
2125
-588
2387
1563
2145
1429
-1592
1784
-512
1211
-1413
-617
2227
-409
-252
1424
-1678
1362
-632
1435
-1769
-185
813
-1044
1906
-322
-2016
471
-1991
1856
2987
-156
-844
-135
526
1013
-386
-1161
-1768
1834
-462
-1293
-229
1956
1038
-243
-373
268
963
-2333
1079
814
1800
-1540
-1652
1443
553
1260
2029
-1859
2152
1823
-1219
935
-1484
-1715
1280
1323
523
-796
-365
1058
250
874
1411
-1356
1935
1875
-2147
308
-1798
-1126
-632
-2001
-1470
1776
-769
-2840
-1767
2720
-1975
-748
1451
-965
-916
157
1476
-1960
-1553
481
2274
-2220
310
1392
-767
-1675
644
2181
1497
-1937
2081
634
-1259
47
-1670
2077
-1637
-1937
1726
-488
34
925
-893
-2569
-2152
208
-470
633
1851
2421
841
1898
-2216
-867
950
976
-2770
7
-1867
1188
-1378
-1951
-1253
48
2933
529
1522
-1664
-2771
-1904
-20
2094
992
-611
575
1624
1815
-1602
1334
1104
-815
-1030
-758
-2055
-316
241
-43
-1231
605
603
1051
64
-1437
2385
-651
-1061
1516
-1827
-798
2023
2410
-1892
-1287
2348
983
1782
1189
131
-1429
1954
-1901
2189
354
-2184
2045
-2136
-721
-678
-2191
-1642
-1338
2582
-1902
836
-270
639
2193
2467
1875
1361
-2429
444
1227
-2002
-225
757
-273
2384
732
-630
-1284
-206
1466
-212
-864
-2155
2084
1531
187
-723
-1895
1822
-450
-1433
1212
-991
1533
1973
2147
353
-281
1090
-1605
-950
243
2182
1053
-1224
-606
1205
519
-2070
-942
122
585
-1116
2046
-2216
2210
106
-902
1106
1110
1604
-1125
-942
-1532
593
-107
954
5
1180
-24
-2608
-1881
151
475
-730
-1055
1787
47
-2310
784
1264
-80
241
-4
2101
1692
800
-663
-3330
-3128
705
1569
-925
-2298
1466
-186
-990
1041
-2095
-1061
799
-1606
-1773
-1334
-352
-1282
444
156
-536
1406
-1701
2026
1016
-1558
2344
-1185
9
-1270
1301
1518
965
-1324
-2218
1100
1937
-2046
-1747
1834
1502
1387
892
2820
2284
544
-366
-2244
3344
-97
202
1668
1821
-974
1856
1997
1467
2388
-1275
1514
809
-1468
-1182
-1133
-39
-286
2806
1154
-1871
-36
1844
2225
-2084
-1015
1056
-1184
-559
-191
2116
1860
-2414
1818
-1095
1481
-1282
-618
461
644
-1058
-1692
-1741
1258
2347
2759
-855
1587
1146
975
806
1755
2072
243
332
112
-1318
-1110
2517
-1484
-1649
2024
-187
406
-1551
-2087
454
-1817
1261
-2514
-189
1986
-143
-1035
-793
2289
2441
1347
-2750
136
-1716
863
-1152
-129
1174
1920
-1550
1714
-651
449
1275
1937
1288
-972
-735
1575
-1261
1890
-1182
325
1427
-1006
84
-1630
2029
1550
448
-1691
-270
564
697
-1779
1930
-2167
-1836
921
-872
1698
596
2089
1082
-1691
1098
347
40
-1599
-2263
1698
1503
-1163
-1076
81
-762
-2032
1524
-283
1192
1910
-1748
1544
985
1084
-2086
-1294
1364
890
-1081
-1383
1108
-1675
4027
-292
1201
190
235
1813
1358
1688
-1767
-2157
792
2510
1186
-981
-277
1408
1302
890
-2931
1044
1720
-1503
-2165
1371
1359
1066
-1418
1852
451
1435
1705
1982
26
1482
52
860
1220
1067
1418
-1389
780
407
1549
1349
1466
-65
1669
888
1297
1330
1127
1768
-1809
1267
500
-1662
139
1451
-2164
-912
2021
522
-512
1853
1480
867
-1798
1667
743
-988
-2240
2081
342
2054
1822
-1978
953
211
997
295
-2278
449
-85
139
-2535
-1810
-1058
-362
1987
-3
1965
-1320
-1631
-1355
-2762
1484
-971
951
489
-1178
1923
2205
1443
-2126
-1789
2942
-1568
-2345
-1084
1176
1188
-2308
693
-734
-1204
-1801
893
-85
-1296
-1923
1594
-1342
1726
971
1043
2065
2013
-762
2267
78
-657
1960
-2504
-2154
-2136
2178
-433
541
-976
1407
124
-462
2349
112
1422
1050
1485
-265
-1735
1472
-1648
-1720
-1282
-1861
1615
2046
-1719
-560
-556
309
-512
-1899
-1314
-1752
1358
-1010
-1014
-335
-1579
1700
49
240
-2073
-768
1005
-1841
1325
-1200
-419
-250
-1130
1497
-2290
-1672
357
1209
-1328
383
1027
-1789
-844
-1592
-1922
-1670
-1533
682
-764
2009
300
-428
-1939
2192
-1767
42
-1426
-1126
-359
1139
2218
-2180
-2165
-1165
-461
-37
878
-1536
1537
-1103
1015
1555
-990
1371
-319
1943
600
1715
-58
761
-1787
-1959
1278
-2066
2448
2011
633
1232
-2366
1743
1057
-262
1497
-1414
1899
1574
-1653
2181
-229
-1389
294
1439
-1141
-1765
1759
-1943
-839
1451
-1521
1913
1726
-1407
2588
1007
-2253
1735
-2029
-1418
1913
-1123
-1061
1718
541
-1193
209
1782
1742
1077
383
1164
-1063
-1717
442
-124
1814
-1728
-2101
1709
1426
-241
341
1049
431
1670
-2180
-2239
1240
-16
-318
-2262
-1646
-1153
500
1108
1914
405
-2040
124
-370
-816
1578
-1959
2163
-497
1879
1409
-1133
-1397
-389
965
-698
2054
2532
-526
1855
861
-307
-869
-2703
-227
1183
2244
-263
-1369
-1802
-1440
1898
1475
262
-1270
38
150
1363
1371
2385
1783
-1092
692
-1165
1630
1553
1745
-942
641
1978
2893
-1441
1688
658
-487
-1482
-2214
3498
403
-178
-1642
-1838
644
714
2207
400
-1718
-714
791
-691
1233
1445
-1433
-2360
1159
1318
-1485
-1829
1013
1108
1268
-1217
-1093
-2306
-1388
-409
1529
1805
330
-1005
1455
1509
1688
-1821
1550
-652
1715
1096
-666
1344
-313
-475
1527
864
-518
302
2284
-1060
1408
1832
979
2211
-1765
-1524
2560
-1111
-1533
-2112
-305
-1668
1120
2698
-2058
1259
1152
-1697
1207
-1408
-2400
636
926
1334
1752
395
-1246
-1619
1723
2056
1143
-370
1482
-1961
1755
-1964
1612
-584
629
-633
-1303
120
515
2141
1716
-2019
2510
2494
1797
-2379
321
-385
2492
-1538
-1710
1553
-860
-2028
-308
-2125
1135
2078
870
2271
1416
1381
2370
-1049
-1200
-2269
1250
1604
-1300
2377
-1168
1886
1903
-1256
-1641
1043
-470
1089
-584
1930
-1651
1550
-2065
-222
-2488
2261
1300
-206
-184
-1089
2087
1342
1478
2379
-836
1280
-1652
1616
627
1539
782
-2094
1148
1978
-1414
-1686
-88
2388
-757
1168
-1870
564
-49
-956
-1253
-1790
-2638
-471
-1067
1812
-599
-1424
-2847
822
-2434
1183
763
-482
833
-2050
1840
-507
1674
970
-1164
-1047
-2082
1576
-1852
1910
-2433
-1282
838
-1093
-1033
-1815
138
1277
-383
-1397
-1948
1960
59
308
-1570
622
-1784
-1800
-1523
-1818
1863
315
1419
-1402
43
991
-2127
-2703
-793
1252
22
-103
917
1646
-1671
-445
1491
1092
1701
-1524
-1223
1276
1731
897
-174
-1876
229
-1912
-1915
2157
-1475
-1751
-338
2233
-2796
-198
-1770
1476
-1557
1580
-914
-3092
1471
1390
2574
-2434
-1152
-243
-1280
326
-1364
1918
2306
-1843
-1160
-1464
-335
1617
-80
341
-1217
-115
-1994
1601
1343
1791
2038
-1608
619
-1836
815
-1939
-1901
-2060
1379
-1673
2185
-1481
-1934
2768
-687
-1881
3170
-1488
2286
-503
1458
1355
1056
-1121
545
-644
1657
1945
-62
2023
-547
616
-665
1398
1918
-1714
1513
-59
1884
1563
257
-1049
-316
2447
51
645
-1646
-1204
1033
2241
1237
-180
2911
633
1188
-1984
-2340
-1798
386
547
-1213
-1364
1964
1130
469
-514
-1689
-2026
-1654
1123
2480
1902
-2267
-89
-1572
-1442
-895
1800
-2069
136
2006
371
2040
-1937
1374
369
2599
924
1984
-2544
-1746
-1168
2587
1476
-2049
-1695
464
1754
1801
-1408
251
525
193
818
-588
-1326
-2185
-796
869
-1139
1742
1248
1911
1803
1984
2111
2759
-385
-1938
-31
338
1485
-3221
-947
1151
1149
1703
1944
1726
526
-1430
-1353
-673
-1781
-2668
1601
1605
-1691
-1576
1081
-1206
1536
475
1113
859
275
750
597
-1266
-1479
-1685
-219
924
1784
1775
-479
729
1387
-242
1833
1024
2
-968
-748
1632
519
1163
1424
780
1933
1748
2018
550
-855
-458
577
-1481
1416
-1850
-2415
1502
-1921
1500
1591
225
503
-1172
-7
-1801
361
1044
-1688
2221
-935
2045
857
-1769
681
-179
-1404
-134
46
2136
1454
189
1793
2196
-144
1990
-802
2195
1709
994
658
283
-586
-2
-1500
-1041
-1718
1360
-312
2574
-493
-1487
-1612
-1312
-286
-1227
1720
-1856
454
465
1812
1579
1206
-1120
-413
-47
-1420
-382
-950
-1079
-1878
606
421
392
-597
-1629
659
2442
-1061
-2018
-2423
-1582
-1226
-1667
-548
-2074
1085
-1525
-1780
942
981
-2026
-1436
-1946
-912
2307
-995
-2563
-1625
211
-1462
1606
-1274
-1713
-2093
1358
-2001
1033
-1312
-3092
-248
402
-2016
-1036
-1259
639
-1944
1612
2010
2100
-2136
-2572
1232
-1386
583
1207
931
-2259
-1984
1931
2000
-1327
323
-452
-1093
1044
-115
-1360
2465
-989
-451
-43
1043
2190
809
2248
1385
-1852
1793
-1722
-870
1720
1227
2009
-1507
-1144
1474
-407
1615
-273
1422
1709
1392
2395
845
-1180
617
-1270
-2024
209
2020
-424
1819
-1194
1312
-1618
-1534
2526
501
-1452
104
403
-2066
-1988
-2179
-990
89
-149
-2033
-1651
-1849
-1825
-2116
1936
-2345
-1722
76
443
1826
-651
-2044
951
-2118
347
602
416
-2218
-1482
-2126
-359
1408
-1708
-1194
755
519
-1622
-1195
3096
1644
1617
-608
734
1127
275
-421
818
2932
-1457
2361
-1261
-881
2071
-2589
-538
-27
-37
2337
-2374
-1151
-49
937
465
-425
857
534
1346
-1036
631
-1673
1264
-2089
-2018
-938
2982
26
2867
-115
850
-996
586
92
-1578
-1612
617
-2247
-1325
-782
-1194
-1967
-124
252
-931
-1923
-1895
855
-508
1728
1480
766
1753
61
1466
740
-2008
1604
1631
947
2173
-1093
1964
-1972
737
1226
-1912
-2217
-506
2306
-2558
-2220
-1972
2685
679
-2126
125
1756
-5
1502
507
-1867
543
714
1527
606
-271
-382
2377
3079
583
-2501
-1864
2060
805
980
2151
456
1616
-870
-733
1773
665
585
-1857
-77
-1137
1153
2200
-2212
-1290
-155
-828
2038
1036
2423
-764
547
-1507
-1705
2856
2483
-1492
3640
1144
1487
-2186
565
1815
-691
1904
-876
1726
-1221
-2274
1936
-1711
578
-825
2580
10
2241
950
1720
2244
1170
887
1637
1300
-1003
-1691
-1645
-2606
-370
1618
2132
1962
-169
-1773
1361
-291
-1527
-1282
-1665
-1946
-1425
1281
1915
-1767
-1473
-1565
578
2176
-1494
-1608
-1289
-1564
-1245
340
1677
644
-1843
-1487
1740
-1390
771
-383
-782
-1378
-2105
2050
1195
-2033
-175
1504
1601
2372
1601
2123
-1577
-1132
-269
-697
14
-1518
1714
772
1353
667
1044
-1395
-16
-480
1421
1219
-832
-1303
1010
2601
1834
-1340
1323
-509
-1406
2698
-1168
-965
1928
184
-2771
-1482
-1579
1281
832
-896
415
1483
-619
-1435
17
-2120
2414
-202
-1666
2241
2249
-1920
-1294
1292
1941
2525
1662
1900
639
1126
-1126
188
1833
-1477
-2227
-2064
2082
1337
-1950
843
1443
-239
-470
1640
-1234
1848
-1926
-380
-1149
-2139
1728
-1713
-1182
824
-594
-37
3498
-1532
-130
693
2015
1664
-642
1326
-1903
2043
-2209
1602
-1048
1205
-1575
-1795
2180
-2130
619
-1914
-1005
2163
2341
-1889
3976
327
-2292
-482
-215
-825
2110
2183
599
178
-1672
787
-1037
1850
-1302
-1020
111
2034
1266
-37
332
593
545
399
1373
-555
1126
2225
498
-270
91
1584
1122
-2211
2447
-1925
-1474
-1389
2422
795
31
-2282
-5
1796
1498
-1120
-1382
1043
-170
-2185
-2250
-1040
1255
-170
1912
2441
-1735
-833
-90
-1561
1154
90
-1817
154
-1289
1665
641
1210
-1264
-1959
-170
219
-1106
1648
-2340
-1743
-1710
-198
615
-767
-33
-421
782
1404
-1864
-438
-2324
-393
-1816
-1365
-607
-95
-850
-931
1780
-485
1941
2284
699
219
-517
1467
-1363
-1355
-732
-1984
-1855
1527
2051
225
1192
-2113
407
-1783
139
-2286
-1628
1976
-2181
1451
-981
2397
-114
-1623
-2261
1905
-359
47
2316
44
-1775
-1621
212
-1126
1240
1656
-2365
1443
-1203
-2069
2441
-768
467
-1841
-1506
1735
2273
1013
906
1391
2163
1481
2023
1842
-278
551
-429
503
1949
-397
-779
556
1936
-464
2543
1487
540
-949
-985
747
1319
2479
-1421
232
1103
1762
1478
1470
-1965
1565
998
2140
1147
-1230
-1777
-1640
-1717
-2608
125
139
-869
-1695
-1741
2335
-223
732
1572
826
-2325
-607
-90
-18
335
1889
-2274
264
-1395
-804
44
-1996
1287
-3233
287
-2465
1642
380
-326
1479
390
1899
-928
1126
558
-749
-1801
2447
-1674
1638
-1845
-1794
-235
-561
-2302
-1490
-1854
-1646
-1947
2631
1358
634
-1191
1287
1420
1266
-1870
739
-1424
1189
-1720
2256
-2030
-1059
-1668
-2262
2268
2321
-1087
585
453
1747
-1834
-381
-203
-932
1936
-1440
-1799
747
2515
1393
-746
1250
-1651
1711
1624
-1163
2844
1450
2333
562
1277
1572
1379
-214
-1646
-1910
-357
-670
866
2117
1554
1754
-463
1409
-1621
212
2109
-1424
2191
-1850
-1040
1406
-1636
1067
406
153
2274
-1394
-1474
992
755
1884
1580
-1461
579
1363
-1330
787
-1049
1143
1528
1228
-537
1744
-3116
-136
22
-3670
-1129
1397
-2700
343
-2086
-630
67
1534
1358
-951
1584
-1060
1108
-872
557
-1063
1889
213
579
-1053
-2207
-1513
2357
-1483
-1798
-845
936
1721
-406
-5
1299
2182
-2030
-2209
2252
1173
2093
761
-1926
-1119
1928
-1911
2080
-2087
1228
2141
-724
-1897
-1484
520
1908
-2168
-382
1353
2013
-1744
514
-923
2011
1640
197
1491
-691
-1690
-2153
2381
1155
-1832
-1911
-1220
1325
-1294
-154
-1056
-2
1618
679
971
-1295
1745
904
3390
962
-1851
-61
1935
1750
1440
250
-1910
1697
1212
-62
1205
284
1884
-1783
461
-8
233
1634
1244
1044
-1060
610
2078
-1385
1372
-1095
-1498
1193
-2274
2596
-1470
-146
-1331
-67
1153
-1691
-1123
1852
-1045
1927
386
1307
-995
157
-1331
1890
1327
1216
1528
-1210
-2552
140
2285
-1331
408
-383
1562
394
-1598
39
365
1375
1688
1661
1544
1955
-734
-1398
-1233
1987
-783
-1937
1408
-78
-688
-422
1078
1221
1805
2518
1491
1569
1010
-1360
1647
-1737
-936
2234
-1621
-1598
1929
852
-451
2313
-1016
1308
2170
-53
221
-242
-675
1551
1838
1569
1323
-90
-1061
-1633
-3263
-1677
-1831
1997
-652
-1884
-1803
1052
-2154
2088
-683
1824
-301
1510
936
1062
2516
-1787
1659
-466
2172
-1696
-1533
1017
165
576
-471
-822
134
1467
-1210
-1392
-941
-671
530
-439
-617
1951
-920
-1672
-1652
561
-882
-583
-789
-346
-904
-1664
693
-630
1191
-15
-1348
16
-1902
-2624
-477
723
-1650
-1869
-556
-450
891
-2238
1454
-634
-1730
-2923
-789
-1285
-2304
418
-2044
1162
1641
1886
229
728
1645
-1395
-1242
-388
-826
-1580
242
3075
-1827
-1189
-506
59
1483
1984
-1897
-25
-1955
-1258
1969
2570
1017
2813
-332
-1613
-1534
268
1123
-2083
-173
-57
-1532
195
266
-803
-2479
2047
-305
1301
1534
-697
-2671
-935
-1863
992
1484
-1256
-1290
1675
705
-320
2169
-314
-778
1415
1740
2012
1007
-1652
-1225
1700
-1082
1972
1238
1860
807
-1762
1870
-1572
-115
-1672
1041
-53
-1818
-1071
-1728
-1856
1824
-610
572
138
1176
-1110
256
-389
1875
1470
-2394
801
-1950
-599
1747
-1031
1318
2536
-922
-630
-471
164
-1280
1996
2118
97
1680
1470
2178
625
168
-2408
497
1857
1572
2308
1295
1149
1409
2250
822
-1376
1617
1559
619
-2002
200
1436
1828
643
-2374
12
396
1315
-975
1556
-2244
2099
1640
-729
1624
-1687
-198
940
-1207
64
-1383
-1892
-2241
-1385
-859
-1338
201
413
-404
-1731
-2497
-544
-1396
-2094
-2102
603
1069
-812
-1653
-1301
305
1468
91
1143
-2126
1922
-10
1548
966
1921
-1573
1254
-1415
-981
-2000
-960
-1609
-1654
-724
-1042
127
-1519
-1218
1285
-845
825
-2057
-1178
1497
728
4
1208
540
-373
2513
188
529
1896
1208
-397
-1306
2008
1362
719
-1209
1306
629
-1711
1252
-764
-725
2740
-430
-1897
1227
173
-2247
-1475
929
-802
-1975
-1503
-216
-687
-1776
777
1519
-1896
1271
225
-1386
1463
-651
-361
1363
2342
-1287
-700
-1696
-1412
1394
1433
-1598
1619
-1981
-691
-412
1536
-1495
1468
-1132
-1468
1411
-1302
1524
2141
-2673
-2189
2001
-1418
-334
497
1025
-1550
-421
-1194
631
-677
1973
722
833
1747
1856
-1315
-1287
1180
585
1526
-1708
1717
1703
-70
1347
-1753
-1270
1264
1847
-1885
-988
-133
239
1242
1738
383
1823
421
-1613
-1547
-2842
1819
-1366
985
-352
482
1229
719
-1564
-2277
371
-167
1887
-2533
-533
-903
696
258
1050
-383
-130
-1321
507
-1730
-1753
3545
-1949
142
-251
-274
483
-1984
1052
1726
558
2551
1302
2897
-963
-572
704
-1041
-1542
-85
1347
-1867
2388
-1490
638
-2215
-1289
236
1321
-1593
-2079
-1494
-1111
1174
-1298
1478
1571
1611
305
-240
1973
2425
-1906
-965
1717
-1876
1305
874
-2183
2249
-1206
429
1620
-889
-1293
-1850
-151
-916
1343
-1942
434
-2676
-191
-2057
1884
-617
-2030
-2006
2099
398
645
1093
-915
-1366
2077
1272
1947
1835
-1792
1293
1323
650
-3404
1604
-1361
1570
281
-293
1514
1808
442
-2543
1779
-815
-130
1206
540
-1857
-361
-203
333
-359
2497
-1902
-1745
1224
687
1826
-1666
570
595
-301
1275
-1901
1427
270
2315
-1795
-1783
-1389
1997
-1008
-1752
1854
1948
-16
697
-2183
-169
-1103
-1031
-538
727
-541
2141
-2223
-1973
-752
809
-1193
1748
-1686
-1981
388
-305
1789
2031
1742
-2065
-2040
870
280
3073
2117
-1391
-1587
-1658
-796
1808
1573
-2051
1110
1504
-1579
1614
-1891
-1787
-1164
-1249
1329
1923
-112
3169
-1360
-216
662
1937
-1434
-317
444
1146
-1342
-1221
-920
-1884
-1119
71
19
-378
-1108
-1750
-1916
-953
1550
1464
-31
-2071
-1897
-2063
-1743
1761
-79
448
187
2117
-1053
-261
-1570
-1012
1512
-818
-1031
-1998
-1345
-679
-1740
1101
1502
-1372
-1851
-2003
2239
-2429
761
2142
841
57
573
-679
1983
-1877
1645
1878
-1110
-790
1285
-582
-2410
1703
3028
1240
1226
-1993
2065
1268
-1304
2525
-681
-1747
225
-1071
1880
-1880
-1834
1194
-2479
-2062
-535
-676
-658
-433
2471
567
423
-1204
-382
-922
-388
482
-1146
1390
1511
-1857
-1264
-1710
-577
-1062
-1478
75
-44
-2258
-612
1124
1142
-2123
-1036
-1518
-1977
2426
-959
1957
-1717
1659
2621
2388
-1755
-1612
-548
245
-404
1015
1367
-1003
-430
703
-1914
-1961
1355
-952
-1074
111
1867
523
-1109
-672
172
-1979
1056
-461
-1526
2202
-342
1705
-1019
1401
2285
1782
-1372
847
-293
1367
-538
-2357
-1799
-1519
-1570
-2052
-2218
-774
-699
-98
924
432
-1389
950
-220
1628
1837
953
-622
1475
-2853
-2751
618
157
1779
1527
1320
-1104
-96
-1601
187
1526
-581
-1315
-1360
376
-4
2524
1828
1217
1523
-822
-306
1908
538
2484
831
1766
1973
1500
-29
761
1864
1060
-116
-1058
1040
-2363
835
45
1984
833
-1813
2410
-1657
-1467
1229
1688
-1305
-1544
1669
-1924
-248
-1787
-1888
-1790
-445
-2119
23
1411
-2286
1283
-1771
1429
1935
-1391
994
-995
402
1670
681
-1758
1480
-1767
-26
-557
-854
256
377
795
-1516
-1601
-2353
1740
636
1153
-1181
-18
67
1250
-664
953
267
1207
-1861
1129
-1587
-2237
-2362
-1941
446
-2053
2138
1458
-1039
-1442
-1276
1080
-1049
-803
196
-1649
951
1063
884
1915
1971
-1213
-1738
1886
-1294
-1282
1031
-655
1863
-2113
-191
-2341
1292
-1501
1456
2192
-2113
-1012
1606
1499
1459
284
-63
1066
-1055
-879
1970
-34
1908
-3046
-263
-2048
-1571
234
587
1982
-758
-676
-2780
2086
84
1715
-1746
-2396
-2824
243
-1757
-2248
-1871
1956
-1632
-95
-884
1676
1098
1966
379
-1442
2205
-648
30
-292
-1014
-1346
-2360
1066
-1037
-349
-1475
-2504
-914
-674
-995
640
2149
995
660
-1242
1827
202
-1500
-402
-1994
-2084
442
-146
1572
-1414
910
1274
-1672
1630
-1507
-1616
-346
1238
1266
1446
1008
1506
-2047
-1262
257
-2022
-2237
-1697
1686
745
-1453
-435
1911
-704
-1297
-1871
-1842
-1808
1361
2442
890
999
-1733
2189
-2107
369
-1065
-1922
-418
1759
-1264
1019
1671
545
-1838
650
910
-3181
-808
-1233
-115
-606
-1274
1604
474
-1613
-516
737
735
2103
560
1162
-357
293
-943
-2222
-327
2346
1610
-832
1932
-906
-1988
1833
-1521
1655
1296
1850
299
1562
1174
-257
-1568
-485
1955
1608
175
-3089
-1657
-2853
-2119
-1898
-845
1731
471
-1328
2095
672
929
2155
1228
1164
-2309
1205
1565
1842
-2195
-1271
-540
-1191
1599
-1314
-523
-1484
-1337
1790
-282
2113
772
393
-1229
-198
-1040
-2047
-1322
1820
1502
132
-2250
-2132
-1696
540
1914
-1772
1460
1822
-2097
1856
942
-1820
-1203
-449
2443
1379
-372
-1861
2080
890
-1418
-1527
1436
-2258
-1313
-1138
-471
-2022
1824
1332
1020
-1004
-2097
-1328
-2183
-3118
1153
-943
1078
-575
-3221
-2904
-2006
-422
-367
-1289
-1909
-1221
126
1970
613
1832
3639
-779
-1669
1624
1126
-1558
-2218
760
-387
-1161
-1149
1623
1997
2278
-513
-1090
-1743
-1196
2374
-1331
1066
849
1802
-1111
2825
-1310
-1827
-976
-1446
-516
-711
2548
-1750
1921
-3085
-1618
944
1535
152
448
-1917
-2424
-2337
-1325
2267
-578
733
-1944
217
1597
1940
-1931
-2638
1162
-1819
1669
2516
1675
-1060
1689
1585
517
1296
1619
722
-1800
2166
1710
-1645
-1477
1260
2218
-2432
-1140
1565
-1830
1361
1912
593
-1572
2753
1354
1856
-1372
1264
-1656
-577
1465
1760
636
263
2516
1955
191
-874
1255
-2488
1946
1606
1550
329
30
806
-1606
1536
1017
1688
-1694
-1305
379
1460
1750
695
-1266
370
1083
-598
-107
1006
-1762
-510
2113
-1394
1505
-1191
1745
1277
-495
-1901
-1806
2122
-1195
1233
-1794
-1152
-1063
-721
-863
916
2100
600
-383
-1969
-2592
-1701
951
1248
627
1914
1918
-2026
1329
-2996
929
-42
-930
-1922
-1819
-117
1211
-2060
1962
1947
-870
-191
-2180
-235
941
-617
-1010
874
1911
-836
-1030
-83
-1787
-1203
2096
1146
-571
1762
2986
1773
-1323
1123
1292
-2333
902
496
1772
1464
1838
-2372
1787
-1351
-422
-1644
2081
869
-1503
1205
1942
-1432
575
211
-329
-1586
2442
872
2317
1327
-1655
-273
-2115
504
1954
1536
1230
2215
-1271
-878
9
382
-2274
-2089
2110
109
1839
-2029
341
-1666
-1962
38
-1248
2238
76
-195
-78
-2157
-78
-567
-3677
242
-1386
-1692
-481
-1044
1338
-1367
-1392
-931
691
-2136
-1812
337
1723
877
-482
-1414
-1919
-2111
-405
1073
2321
1491
306
2017
-1126
-915
-822
797
1138
1672
-276
-848
-334
1777
1947
2192
-1718
1344
920
-1227
1511
2200
-2170
-391
-2728
-642
-2042
-1811
1626
-864
-8
1097
-353
-936
-1368
1517
496
437
-1127
1690
1441
-1739
-774
-1586
1297
1059
-612
1448
-1558
1016
-1094
14
-2274
489
-2652
274
-810
-598
-1495
-1821
1665
400
323
-2289
292
-905
3143
-2407
-629
-1126
695
-2019
-1644
1968
77
47
-1787
-2214
1876
1671
1006
405
2439
1793
-583
2128
670
2835
519
-1474
1593
-2442
-1717
-1451
1652
766
-1749
2062
1672
-1695
1858
-488
-1674
1125
-1282
-1655
-1806
1233
-524
841
2453
303
1234
-12
-1325
-1800
-261
-2075
-140
733
1549
-697
1260
2061
-553
-2029
-665
2089
-272
-1423
-460
1020
2240
2046
-617
-1395
-1622
1486
341
-122
837
193
511
-114
-107
92
-1738
58
-1990
-3072
1938
2182
1205
-2274
-2036
-1248
-1995
-1343
-1650
1679
-2036
-149
2387
303
1776
-1200
-316
-2051
1558
-912
-845
-940
663
926
-1411
-1741
1361
-346
-2555
676
1522
1146
4
-1474
-523
-1803
1525
1579
-1032
540
279
786
1536
197
2278
99
-1062
1615
-115
-1963
-2216
1186
-1444
-867
1454
930
-1406
-1040
1399
-855
530
-566
1683
-655
-1970
1874
-2181
-258
-8
884
-687
1245
654
1515
1762
-2134
1126
236
-1754
-943
236
-1128
1192
-130
-942
1517
-468
171
-1902
-2113
-1223
-25
-588
1694
-425
-794
-275
2115
458
-1859
108
-404
-2353
1910
-1569
2518
-802
-1875
1825
-375
1247
354
854
-785
-1663
2113
575
-1765
1718
-371
2154
1804
-1357
-1996
-2071
-197
-1418
971
-1649
-1410
-1399
-1651
1868
250
1619
-1864
281
-506
-422
2168
-1133
798
1672
1946
-1406
1538
-1477
88
1973
-1111
-327
-2111
-1811
-429
-1325
-1149
1897
-2116
877
-1224
-419
295
1538
-2881
1835
146
-186
-1240
-1927
1538
1153
-469
80
1120
-109
2447
1178
-388
1457
-783
-1543
-864
-1856
1709
-2901
-1282
308
1676
1752
-2029
-351
-2318
-1819
-1509
-722
1153
1966
2395
-1161
429
-2279
1688
1298
1326
1927
1899
-1755
-1990
2310
1855
-1407
-323
-2125
-185
628
-3254
-2242
-1897
-1777
148
811
-1497
897
-669
1302
2013
-834
1220
-93
737
-2580
1612
1785
-2421
-1605
1471
588
-1601
2306
386
-604
1351
-1742
893
-812
-743
243
-1542
1103
253
-632
523
1857
-369
-1044
1686
-2201
604
2385
603
-1473
1665
210
171
1107
1087
-2113
1017
-337
2066
-1768
-334
1621
1534
818
-1201
-166
-1294
1890
-1476
1605
-76
238
715
252
-1652
1411
-1986
1613
-1532
-878
1638
2129
-1296
-1730
-981
-348
1038
1103
-825
926
607
-1812
224
-1659
1766
-92
-1871
1793
-1920
1082
2104
2358
-1923
2244
-1892
1371
1804
-352
-2126
-1855
-1994
-527
-263
111
-1944
1372
-514
-3
1528
2064
1717
2397
-890
1475
1051
-1653
-2704
113
-1949
-2323
-2632
623
130
-84
-1339
-1417
644
2141
1321
1662
-1223
-2403
-133
1535
144
1751
1983
1930
1581
-743
908
-1392
463
-1414
-296
1771
-1871
-942
-1978
-1586
-312
-463
2159
-768
99
-12
-576
2141
2189
-1080
1236
945
-2454
-617
-2436
733
1990
-1278
-1896
-1164
168
-1679
-1717
518
902
-917
1078
-2046
1628
-639
-1920
879
-1933
1921
704
-1033
-1856
1227
-1202
998
1280
2012
-2200
2164
1620
2154
-463
-1117
-1577
-1519
343
-1547
-790
-412
1479
2464
-966
-631
2019
1669
225
-2323
-1985
411
-2360
1941
867
-1710
-1694
2311
-1974
1400
-2146
1586
-1689
-8
88
-1870
-833
-1858
-1740
984
-2165
-2332
-2281
1602
1406
2621
1699
-1146
390
1507
-1815
1460
-2329
906
929
-1496
-2128
-1282
1574
-1194
1536
357
467
1724
-274
747
-1999
226
-1916
2015
1747
-2009
-1073
824
648
932
-2022
1690
-670
-3159
1413
1840
-594
-1402
-1530
1732
-1205
1967
-1418
-2105
2292
-317
771
-1946
1716
2023
-1260
569
-1573
1611
-2319
2360
-2033
879
-754
1444
848
-1488
-1923
-1424
936
-1984
2168
111
2116
930
1463
-1735
-2123
-1752
-1211
1328
-2074
406
-911
-2047
1839
1191
-1767
1339
1782
-214
-1485
-484
-2022
-1113
-1360
711
2929
1216
-983
-337
1003
-2209
-1053
1571
1883
-1710
1642
2089
959
-1654
-409
-1545
1806
-1236
910
1173
464
2004
-1185
461
-1995
740
-1104
-1603
1377
-1199
-1178
-892
2630
-1127
-2575
-1670
1415
1558
1466
-1017
-1059
-633
1563
1875
1036
225
2543
995
2205
-2398
-2346
-1452
2321
1866
801
-1282
-356
1964
23
139
1840
367
1517
2280
-833
1779
1761
23
-2180
-588
194
2075
-2591
88
449
-1715
910
-602
2100
1733
1570
2052
-1747
-2253
1535
2174
1327
1002
-744
3207
-1250
1463
1082
-1621
-2093
548
-1738
-565
-693
1900
63
412
-1852
2505
3169
1098
-805
619
1023
-1776
-1704
987
1657
-1604
-2055
3
-129
-458
-2339
-1161
2672
-1985
-999
-1882
-1347
-1608
-288
-2408
-373
1008
-2489
2096
-156
440
-1351
1237
1813
1967
1560
-1152
1773
-780
-1867
-1119
-1103
215
327
1913
-1960
-751
-1844
-2216
2292
515
1229
1507
1609
1043
1771
2483
1285
810
1283
1697
-1421
-317
-2278
1098
-409
-1570
-2118
-711
827
-48
-1591
-678
880
1670
1523
-1896
713
1178
-1892
1644
1655
-310
201
617
1642
-1642
-388
205
2043
2310
-1713
890
535
2204
983
-1306
-262
-1957
-2123
-39
2279
-1494
1027
560
1352
-404
2258
-2532
1419
408
455
-298
1742
-1598
-1984
-1876
1451
-408
-824
-1255
-986
-1885
-1060
2262
-203
2121
-1459
1229
26
1233
-1714
-312
576
944
1523
-1507
-1688
-2325
-1639
-2049
-1968
-529
2011
187
536
-380
-380
2508
736
1139
-744
-320
-1935
654
1849
174
-887
-888
-1209
-1923
-1040
-309
1415
-1559
-1828
175
-1535
-1621
-360
402
-1801
1780
-478
1854
-2212
1968
-359
2846
-1998
-1097
1791
-1933
-317
266
582
-717
1533
1451
-272
2223
-2709
-642
1993
-1994
-1730
-1224
-1282
1176
1682
814
1261
1671
482
-1423
-383
1845
-1033
-1168
820
-178
-484
1628
1980
-982
895
1136
1488
906
1278
1015
225
2483
-1651
-2094
605
-1896
2115
1551
-1295
2534
-1727
2309
-1143
-318
-1808
1358
-2269
-631
1716
-793
2275
553
-1256
-1500
1192
1983
-67
-2504
329
-1122
-2084
-62
-2008
643
-1010
-343
-820
-286
3238
-1448
-372
-939
-2421
-544
-122
1406
-1242
-2085
2299
665
80
188
1000
100
1392
1436
2075
-2247
-570
973
-836
1381
-2253
1420
210
58
-180
1447
-1936
1358
1379
2587
-874
-1749
-1583
-1910
2080
2357
-1069
-1302
1939
1679
-3232
-1877
1092
669
790
1472
-44
-198
1655
-1343
-523
-1332
-1943
-1766
-1543
1254
-1846
2308
-1859
2159
1938
1594
-1950
422
1941
-1026
-1210
-993
886
-1915
-332
2174
695
-1769
-1247
330
-346
1855
-1634
-1502
-2180
1516
-1923
-2632
-305
-26
-1705
193
934
260
-737
-2160
-1723
-1800
1632
-258
2890
1278
-540
-1620
-957
2469
2103
2185
-1653
1567
-1454
1028
1269
-842
16
1460
1105
-641
973
2023
144
2335
2119
-173
857
-847
2205
-1205
162
484
-1301
1747
1524
-2562
1673
985
1476
1051
-1224
-695
-1475
-1326
-1902
-150
1976
-677
-503
540
348
1727
-2323
-2708
-2308
1619
143
1186
-1556
1619
-1801
-1270
-1199
1642
1327
-2120
1938
-1941
883
2239
1066
1088
1036
2348
-892
-345
-976
1607
345
1156
1893
-110
687
-573
-991
-926
-2239
-1300
-248
2298
695
1937
1854
1288
-1652
1280
53
2120
1897
29
858
1180
-1118
-2280
-1363
1594
1785
124
-1400
-1425
1155
-1533
2734
-1577
1732
2204
1191
1371
-1271
1083
-1547
2097
1523
686
-1300
-710
1320
950
951
-431
-1816
1338
-1183
700
912
-1787
-2040
1136
-2061
-1150
698
-1865
-1537
-1802
1897
-837
1271
2374
3
-214
-1928
354
2493
1601
-271
23
1686
-1895
1251
-2238
-2076
156
1358
968
1920
1766
1007
-1677
-370
694
284
-1038
401
1098
1383
-204
1189
-3085
-1974
2466
-1846
-181
-526
-1077
1760
-867
1843
1845
-610
1914
51
1793
-363
1038
-1237
1697
103
1925
1201
1541
1418
1253
1183
2405
-168
-867
-1967
-414
1325
-851
-700
1089
942
-2427
1390
-2029
3170
751
-1590
579
-695
-1085
-1758
2167
1264
-2112
-298
1324
-900
-1898
-1795
1604
2117
-2063
2856
-471
-1479
1049
1736
-2184
-1815
-2295
1779
1760
-872
1869
-2444
-111
-1681
-520
-706
-1212
340
627
-1375
1328
-342
-313
-1070
-252
-470
2066
-834
-1982
104
2196
-52
811
-412
-1531
-694
-1828
-2425
-1076
-1768
-1754
1559
-418
-1654
1806
977
1895
1028
237
-1631
-568
70
-2350
2141
-887
1348
-383
1602
-1895
749
-471
1866
427
-783
-12
-185
-130
-104
1891
1538
142
1213
800
2054
-1389
6
809
1476
1853
1325
2108
-772
1330
-1264
89
-2168
489
2379
-2281
-778
1970
-1774
-2048
-1507
-55
-1270
-909
-2292
-2559
2036
-803
-1941
-625
1418
-2343
1810
1351
-418
452
913
1725
723
-1586
-891
1024
1261
1400
898
1574
-2931
-1742
1093
-1658
-1551
-989
2897
1225
1149
381
-2165
883
-1391
1045
2261
1105
-2668
1419
-1753
-631
1572
341
-803
1769
-1437
1481
1941
-852
-1088
1721
2278
-496
-233
-523
1211
-2026
1618
-2258
-942
-142
2731
-1371
617
1352
2058
-1288
-761
1712
-78
1476
1560
865
790
-1037
890
-2244
1408
887
-275
1528
-1857
2455
-2404
-1831
215
1710
-887
2479
-730
-2069
2120
1736
1709
-1884
-2431
-1290
-1097
1845
519
920
1451
-723
-2405
-2380
1783
-1183
-246
-1177
1369
1790
-1969
242
-2166
-74
-2216
-2344
1721
579
1960
-3100
-1376
-1782
-1684
-2203
768
2395
-347
877
-1935
-1982
-534
-1638
-689
1666
637
-1446
-1726
1601
-519
-480
295
2054
-1023
1435
-156
396
2247
1721
1997
-1336
242
290
-1141
2100
1543
2603
1498
-1244
89
-1358
-820
-1851
1505
-1095
-1816
-546
1584
201
966
-741
333
-1331
1553
-1843
-1321
1036
-3443
-1212
1839
942
-182
1031
-1052
-2281
1624
765
-333
-1231
-453
1638
-2032
-1591
926
-1241
26
-141
1615
-1419
2310
-966
-1819
-920
-1314
885
-326
1715
-2278
-868
26
1358
-1276
-936
-1564
-389
-1783
-384
2540
-1477
-1006
2184
-1855
1331
-1851
656
1588
595
900
-611
-1899
-1821
-1671
1143
-1495
-176
1301
-519
1429
-1492
2119
-2241
516
1981
-904
-2134
471
-1779
477
707
1832
1093
-1146
1617
1388
692
-125
1527
-1983
2274
-319
1483
1629
-1642
2302
-1681
-1863
326
2396
-1248
-1651
703
1801
-1835
2093
602
261
508
1515
-2151
-418
-703
-1253
668
1804
-1307
-2244
-1354
-1849
552
-50
-657
1332
2007
-208
1429
2284
-1651
361
-1335
1604
-2244
-957
-2312
-175
-334
-2843
-2036
1388
-1430
818
1551
-2314
2532
668
2017
111
110
1719
925
-1490
1121
1424
742
2396
2678
1559
-1021
1560
-2164
345
1670
-1946
-1967
562
257
501
-3593
1824
1787
1714
-107
402
910
199
-13
-1146
1494
-2374
1683
-2295
1228
-265
-2391
649
-1039
-1928
2274
-574
-63
1903
-1990
-861
1740
2774
2321
77
-1306
1599
-1118
151
1469
-431
1519
1607
92
-198
34
-1434
1151
33
-1478
2200
1802
-783
1055
-318
67
-134
193
681
329
1178
-1644
2218
-1687
-2569
-562
-134
-1328
-1884
1506
-110
-927
-275
1040
891
143
396
-243
1565
-1242
832
-1229
-1844
636
1767
1528
-985
-1652
-1739
1470
1677
36
-2124
-1300
-932
1848
274
-171
1447
-2242
-2624
1716
-229
1504
-1745
92
1424
-544
-1657
-2458
1171
-2582
1397
2340
1553
-1859
968
-1345
1284
2328
2083
-1549
23
-1942
1364
-1014
3234
-374
454
2507
215
564
1308
-475
-1437
-315
-1090
-514
323
814
-2329
-1227
2135
-2036
-1102
-254
-1506
1363
14
1516
-3159
2040
1959
80
-1089
-1144
1526
-2220
276
545
-1316
-480
-2420
-1722
-1259
-2134
1941
-1331
-1414
246
1850
10
1844
-652
275
-1412
-1195
-1360
648
1976
-2258
-200
-746
1149
355
1838
575
-1277
1083
1618
-1508
-702
1802
-305
-1573
-122
-783
-3767
983
-1999
-1992
-279
-1659
1096
-1202
-28
-680
1355
-1497
-117
1471
1637
1982
1174
-1355
-672
-2229
1039
-32
-2458
1083
1335
244
780
467
1254
1308
-850
-1406
-1079
-1218
1982
-1504
-2406
-3177
-202
-311
-455
1277
1343
1850
-1544
541
-2165
1360
-1355
-936
452
1406
-63
2191
-1645
29
-1757
1293
1538
-1659
-888
-258
2062
605
-1970
1600
-2824
1358
-2561
1658
-1935
-1618
-770
-928
2118
718
-361
-1941
427
1010
1635
251
1451
1079
-586
-1116
-169
-737
886
-58
-1672
836
-1894
-1767
1013
-437
-3114
500
1786
-2304
-1033
-1504
-799
-1419
-1490
-1924
-1685
2504
-1663
1516
-1414
1751
-869
-135
2517
1676
1531
-300
2943
1902
-1626
2067
2192
452
-1130
1420
-1628
-631
-126
-764
-697
223
1252
-391
-2104
-1902
1320
-15
-972
-1743
1828
-849
1517
2218
1605
304
-612
1795
919
1960
-581
-2028
-410
-2146
1833
2028
370
893
1504
-1609
-1071
496
-1163
-2388
646
340
1463
-1437
-1091
411
1336
-280
803
-63
1214
-2167
1824
2068
718
2100
699
-1576
2241
-616
-1575
1152
-84
1878
1182
-1506
-1726
-1102
-114
-1691
-2625
-1363
-1783
-1983
916
212
90
1279
340
-1888
-671
-1804
1166
1863
-907
-943
1428
1845
-1301
1183
-1421
1809
854
-2241
265
2463
596
1744
-272
2096
202
2192
1784
-471
-1488
1993
-1720
138
2401
638
-1570
1735
-1719
-1059
-318
-2415
1799
-1373
1043
738
1804
-2624
1572
-493
1695
-2632
2274
-1826
994
-1295
168
-2108
984
1126
-1103
-411
1541
1750
1987
-1195
415
-1672
1355
2046
-353
-1050
1742
1536
-1006
28
802
1855
-173
427
1246
-1095
-989
1288
1767
1370
-608
1329
1753
-625
1569
136
-2090
1260
1960
-1395
-1002
-1175
404
1402
-1307
1433
834
-453
-550
1424
-1234
-1326
-1012
-1767
2187
1467
2384
-1275
-1376
-178
599
341
1454
1043
-2123
-2241
-73
411
210
1817
1896
-460
-135
-2991
-1651
999
348
1094
1356
1753
-51
-1490
545
-673
1814
-1923
-2337
1422
2160
554
-1947
1388
1327
934
1573
1912
-1792
-1861
-1813
1103
1271
2467
-1955
1779
1501
-2563
273
-599
-1644
382
-2059
-1572
-355
-603
2024
393
1527
125
-956
-1605
1827
-2286
-2505
-1341
-2168
-2308
96
-1873
-14
1319
470
-3032
80
-810
760
-1746
637
327
-1659
-713
1173
841
1838
-1322
-1950
-942
2164
-2013
354
436
-1110
2176
-1767
518
-1485
1495
1198
-655
2121
1297
-10
133
2650
-217
-1203
404
640
1566
411
-965
-547
-1200
-758
-1767
-1515
2099
3471
1746
-2498
1833
-13
-94
-1851
2205
-2008
1548
23
1837
-1556
1160
2651
-684
-361
-504
-2365
-1912
-1419
551
998
-935
-1600
1483
-1739
-1690
2484
-1922
-749
687
1499
1020
-1463
174
1546
-1321
1481
2046
501
-1304
-429
-1031
1451
-1691
1377
-1390
-1979
276
326
2370
-1925
-1767
1184
1241
-1670
1849
-2341
-429
1557
-2165
-1370
-537
194
-888
-1514
2342
-1601
-1911
-1827
641
5
-717
-1801
-1047
1202
2104
640
603
-316
-1697
-1084
1812
-1463
-1768
1027
-1227
-1555
-1802
-527
1080
-478
-918
360
867
-545
-311
1937
2170
-1891
1371
911
964
579
1191
1965
-1536
1135
1897
1857
-1385
1702
-467
-1698
-478
1374
1657
202
-1592
-1957
-1615
-1439
-1829
-1532
111
-599
-1226
-1355
2074
1416
2038
-241
1953
-1952
1330
-2507
-3233
-1646
-2095
-1349
2185
-1587
658
-370
1560
-783
-311
-2371
2233
311
1612
866
-1124
-527
-3
-1477
210
-1924
-584
-2216
-1623
-2479
303
-257
1625
1503
-42
-2095
1371
1083
1915
-2398
1377
-2690
1808
232
1421
2214
1072
1659
1168
-1395
1850
-651
1896
-120
1308
2442
-671
1655
-2016
-450
-2016
602
-254
607
-1768
2972
-1914
3198
-1791
-272
-85
994
-974
1821
-1367
822
1267
1340
59
1454
3219
2210
-570
1959
-1120
1822
-2137
-793
1350
1269
-2137
1783
1626
578
-1598
-815
1061
1463
-1483
-258
-1189
2020
-493
-1511
1016
2432
-1954
2158
-254
-575
-130
-1688
-250
-762
-1992
-1278
-2547
-2344
1204
1384
291
451
-1566
2344
768
1405
2027
-2029
-817
1411
-2000
653
23
-576
-2018
1026
-1743
1162
1207
1048
-677
327
-836
2508
1704
277
1640
796
1155
-421
2407
3
2182
-2333
857
-20
-405
1751
2130
-799
-388
1601
-1233
2120
1552
-1686
-1006
102
1717
-2169
31
-377
1438
1832
-1006
999
-580
31
2020
144
-1925
-785
-1915
2467
1847
1182
1085
502
14
-2239
-652
786
1467
1947
2138
2307
-2240
1656
-1458
-283
1713
731
-842
-1777
-1923
2053
-608
1817
-510
251
1709
-1485
603
1043
434
-1556
1519
-452
-2223
-1916
-1730
1302
1515
635
-235
1804
-1878
2091
1152
-1745
-1684
473
878
-480
-1869
629
-2087
953
-2051
-1542
-84
201
-520
1849
-1627
545
-102
1149
-1178
-503
-980
1806
1999
1691
2462
-1686
274
52
-527
49
-988
2410
1662
295
204
1682
995
-163
215
-2311
-584
-2220
1580
-561
519
2288
-2223
-2394
357
1861
-1476
1674
899
482
598
-1601
482
287
-706
-547
1111
1720
2372
2803
-1128
-497
1173
-2174
-1266
-1042
1859
36
767
1771
1439
-1670
-228
-1506
-1910
-1973
-2242
-603
768
-1746
-1277
-1340
1730
112
2112
1399
407
-2
-1526
71
-1435
1013
-2003
-1014
-1145
-1236
-1180
-185
-2077
920
-2314
-1464
-1672
-1349
2307
-1227
138
1704
1261
1108
870
-1768
-1186
-2432
1523
-538
-302
-2632
-1131
1645
-1215
-1365
-1148
742
-1361
-1735
1000
-56
-298
-143
1124
2830
-370
416
-1134
-1346
1488
-1923
-454
719
34
-274
-1619
-1470
-1253
-1613
35
-2313
-156
2536
-3064
1608
-1720
787
1509
-778
1576
-590
-3426
250
-1970
-649
-2988
1476
1319
2248
-1108
-381
1604
-1856
1576
1307
-784
-658
-1903
-986
-1478
1931
-1623
-1902
1390
-310
1407
1758
1238
-1020
317
1687
1215
2153
1451
733
1444
-1440
-2137
1030
420
232
2248
501
-836
-946
33
2039
42
630
-1983
-737
-1758
696
-2307
-2135
-1494
-391
524
122
2080
2151
-1999
-1449
1581
1985
873
-1274
218
-2262
1214
471
-1108
-1817
1254
-1233
-466
-2432
1660
-20
-1085
-2308
-1469
-1187
1709
1842
628
1520
1268
2036
1862
-1475
-870
1227
-360
-2142
-308
2100
1172
1094
2104
870
985
-793
-1052
-1479
582
1999
2092
-207
-94
482
-448
62
1957
2178
884
131
998
-2105
1713
-1096
1176
-2121
-2073
-2019
1406
-2303
-1594
-1754
-2398
-1826
-2392
1566
879
1299
-14
393
535
1124
-422
1044
-168
-1437
470
1411
1188
-920
1447
3528
-2100
-235
-1478
23
111
-335
1752
-1237
1855
1873
1519
719
1050
370
268
-174
-2
-2677
760
910
-1862
-198
-836
1690
2207
452
-484
573
-417
-1962
-1934
-1598
-1069
-1145
1330
-1879
1475
-591
-1005
-1637
-1591
1092
-1718
1691
2090
-859
231
-1920
-868
-2040
375
-1617
-1682
1290
-911
1178
486
520
453
1608
926
1860
-1697
-151
293
2226
450
-656
1743
1810
681
-608
-1697
803
578
-1798
984
-435
-1567
907
-2413
401
1761
-1693
-1168
-872
1221
-1420
1248
500
1904
319
-1638
-1666
-669
-2459
-1317
-1517
1363
-2044
-1713
-1403
-1895
1859
-1876
2364
386
-342
1651
-1777
1671
-885
3246
1709
961
335
1406
-1914
1818
-690
-1822
-2036
1318
1676
-1666
-978
1544
1902
1359
1625
-209
-1312
1062
-893
1850
1718
-1461
503
1825
823
-480
1909
2516
-1582
-1927
-1260
-122
-1555
-2111
-568
-2171
-282
-986
-220
-1020
-502
1299
1123
-1403
518
687
-1433
2064
-266
-597
1441
243
264
-1378
-156
2850
92
815
1538
-1813
-1678
-2020
1989
-1011
1651
-1508
-825
1259
1615
-1276
879
-918
1618
1173
-2211
1842
1024
2128
-1834
1049
1620
159
-1630
854
-2079
1721
2420
1180
-2168
2269
-1531
361
234
-2657
-1359
1759
-1664
-525
-831
-2109
-586
-2160
1562
2098
2244
-1084
-451
2195
-1669
-1941
-1743
-561
-1750
-954
-209
-1892
-1345
414
2478
-629
-706
-2175
-719
-1829
-842
2239
1512
1947
1774
2843
-526
-141
314
-1003
1560
-1571
-1535
-1012
-54
-1734
-353
-589
2094
-1326
1560
-1620
1050
1612
-922
1873
-102
629
1732
300
924
1340
1281
-2281
-1176
2066
-1766
-2101
-2391
1021
-1753
-1535
-983
-553
-2118
-1487
1192
491
635
1325
1893
2251
2621
-425
-2414
-360
1717
-1998
2753
-166
-197
1364
-862
-1203
1379
57
750
-2002
-812
-2638
658
858
-1184
-822
-1823
1084
2344
1672
-2586
-915
258
-1995
2753
1049
1697
3219
-993
-1091
1610
1825
-1032
-606
2161
-1490
-166
-629
1936
-1104
-1891
-425
-441
1966
184
1450
-378
-989
-832
1300
-1462
-717
242
1392
-980
1485
-724
-772
-1477
569
-1317
-2032
2819
